{
    "compute_power": [176.40267389868828, 674.0654269081859, 463.0055770531418, 226.43015657681684,
562.6640160710699, 2706.5847264737795, 611.3096667588686, 738.2196603541702,
3704.8947050430015, 465.0838813668982, 124.47777605033657, 686.399120601216,
3285.6646239293236, 245.3260705898581, 593.9543208158364, 991.9176591810495,
340.2299164936408, 450.7891631940815, 148.6326250161071, 136.42287168225417,
701.1291558643526, 3458.3442021839055, 323.23581321204534, 860.1198262983163,
684.7461998307981, 2938.4589393502074, 1070.2720393562659, 914.7815171419443,
9900.878953930438, 200.52609647139496, 208.64348351044498, 160.55053971548858,
893.8857623244169, 830.590058487896, 946.6778942663119, 429.61690604847286,
868.5012786440863, 230.30956666270862, 1474.1807221667677, 421.8213987957614,
916.5247810382531, 773.4705485039455, 430.11974166596247, 8270.818338136141,
1002.3849679800709, 599.4671958684573, 1340.4983393536781, 718.907806893506,
206.4594308234647, 416.28253058394586],
    "latency_matrix": [
      [0.0, 999999.0, 999999.0, 999999.0, 999999.0, 0.000510094907258157, 999999.0,
999999.0, 0.0002544741340966229, 999999.0, 999999.0, 999999.0,
0.0002122805165046649, 999999.0, 999999.0, 999999.0, 999999.0, 999999.0,
999999.0, 999999.0, 999999.0, 0.0004982158118329472, 999999.0, 999999.0,
999999.0, 0.0005904925292042495, 0.0007424447801423586, 999999.0, 999999.0,
999999.0, 999999.0, 999999.0, 999999.0, 999999.0, 999999.0, 999999.0, 999999.0,
999999.0, 999999.0, 999999.0, 999999.0, 999999.0, 999999.0, 999999.0,
0.0005670047435546676, 999999.0, 999999.0, 999999.0, 999999.0, 999999.0],
      [999999.0, 0.0, 999999.0, 999999.0, 999999.0, 0.0008833310972717772, 999999.0,
999999.0, 0.0005865954798729218, 999999.0, 999999.0, 999999.0,
0.00020398455110975437, 999999.0, 999999.0, 999999.0, 999999.0, 999999.0,
999999.0, 999999.0, 999999.0, 0.00025148498987969607, 999999.0, 999999.0,
999999.0, 999999.0, 0.0006986978409904305, 999999.0, 999999.0, 999999.0,
999999.0, 999999.0, 999999.0, 999999.0, 999999.0, 999999.0, 999999.0, 999999.0,
999999.0, 999999.0, 999999.0, 999999.0, 999999.0, 999999.0,
0.00045357336659441506, 999999.0, 0.000501208642675311, 999999.0, 999999.0,
999999.0],
      [999999.0, 999999.0, 0.0, 999999.0, 999999.0, 999999.0, 999999.0, 999999.0,
0.0002834292583289125, 999999.0, 999999.0, 999999.0, 0.00020102332634167457,
999999.0, 999999.0, 999999.0, 999999.0, 999999.0, 999999.0, 999999.0, 999999.0,
999999.0, 999999.0, 999999.0, 999999.0, 999999.0, 0.0002718382283478304,
999999.0, 999999.0, 999999.0, 999999.0, 999999.0, 999999.0, 999999.0, 999999.0,
999999.0, 999999.0, 999999.0, 0.00038816558195048297, 999999.0, 999999.0,
999999.0, 999999.0, 999999.0, 999999.0, 999999.0, 0.0002657831477318456,
999999.0, 999999.0, 999999.0],
      [999999.0, 999999.0, 999999.0, 0.0, 999999.0, 0.0004654659011830701, 999999.0,
999999.0, 0.0008005364048320263, 999999.0, 999999.0, 999999.0,
0.00038801484977340133, 999999.0, 999999.0, 999999.0, 999999.0, 999999.0,
999999.0, 999999.0, 999999.0, 0.0007007439707416085, 999999.0, 999999.0,
999999.0, 0.0007109263084422013, 0.000344875231093597, 999999.0, 999999.0,
999999.0, 999999.0, 999999.0, 999999.0, 999999.0, 999999.0, 999999.0, 999999.0,
999999.0, 0.00039194720850397105, 999999.0, 999999.0, 999999.0, 999999.0,
999999.0, 0.0009914241459267152, 999999.0, 0.0009959412116574238, 999999.0,
999999.0, 999999.0],
      [999999.0, 999999.0, 999999.0, 999999.0, 0.0, 999999.0, 999999.0, 999999.0,
0.0003577597163567473, 999999.0, 999999.0, 999999.0, 0.000998870540053039,
999999.0, 999999.0, 999999.0, 999999.0, 999999.0, 999999.0, 999999.0, 999999.0,
0.0008872609572343496, 999999.0, 999999.0, 999999.0, 0.0003407497523417355,
0.00031595136649206914, 999999.0, 999999.0, 999999.0, 999999.0, 999999.0,
999999.0, 999999.0, 999999.0, 999999.0, 999999.0, 999999.0, 999999.0, 999999.0,
999999.0, 999999.0, 999999.0, 999999.0, 0.0002901912169972373, 999999.0,
999999.0, 999999.0, 999999.0, 999999.0],
      [0.000510094907258157, 0.0008833310972717772, 999999.0, 0.0004654659011830701,
999999.0, 0.0, 999999.0, 0.0008417879127255254, 999999.0, 999999.0,
0.000603426532822791, 0.000236978953921541, 0.003152088771197929,
0.000617027594075028, 0.00034148001691426455, 0.0007620217232471353,
0.0007857906444190342, 0.00037017201013334565, 999999.0, 0.0004256383627695042,
0.0007088625224685117, 999999.0, 999999.0, 0.00089766454869202,
0.0005591983151380517, 999999.0, 999999.0, 999999.0, 0.006481665054149088,
0.0007962987106136569, 0.0002939287458679815, 999999.0, 0.0008560765085550261,
0.0009862647067591327, 0.00022606050857290817, 0.0003942296460034807,
0.0003214006303179224, 999999.0, 0.0017385602466071695, 0.0009903250346635565,
0.0007785923196993458, 0.0006926442544575459, 0.0007420571723192186, 999999.0,
999999.0, 0.0006748695236227893, 0.0044798871973662086, 999999.0,
0.0006311327385861243, 0.00021314967552836796],
      [999999.0, 999999.0, 999999.0, 999999.0, 999999.0, 999999.0, 0.0, 999999.0,
0.0004226330376611312, 999999.0, 999999.0, 999999.0, 0.0005107397721087007,
999999.0, 999999.0, 999999.0, 999999.0, 999999.0, 999999.0, 999999.0, 999999.0,
999999.0, 999999.0, 999999.0, 999999.0, 999999.0, 0.000982024830116649,
999999.0, 999999.0, 999999.0, 999999.0, 999999.0, 999999.0, 999999.0, 999999.0,
999999.0, 999999.0, 999999.0, 999999.0, 999999.0, 999999.0, 999999.0, 999999.0,
999999.0, 999999.0, 999999.0, 0.0006157350824872646, 999999.0, 999999.0,
999999.0],
      [999999.0, 999999.0, 999999.0, 999999.0, 999999.0, 0.0008417879127255254,
999999.0, 0.0, 0.00034016226957101, 999999.0, 999999.0, 999999.0, 999999.0,
999999.0, 999999.0, 999999.0, 999999.0, 999999.0, 999999.0, 999999.0, 999999.0,
0.0005363638337060393, 999999.0, 999999.0, 999999.0, 0.0007076678476396605,
0.0004219956390006698, 999999.0, 999999.0, 999999.0, 999999.0, 999999.0,
999999.0, 999999.0, 999999.0, 999999.0, 999999.0, 999999.0,
0.0007789894773674584, 999999.0, 999999.0, 999999.0, 999999.0, 999999.0,
0.0008781381501097917, 999999.0, 0.0004264203017491763, 999999.0, 999999.0,
999999.0],
      [0.0002544741340966229, 0.0005865954798729218, 0.0002834292583289125,
0.0008005364048320263, 0.0003577597163567473, 999999.0, 0.0004226330376611312,
0.00034016226957101, 0.0, 999999.0, 999999.0, 0.0009593697845322434,
0.003393249887568006, 0.0006003904750214771, 999999.0, 999999.0,
0.0008331710194799944, 0.0006461440331536266, 0.000735225441539224, 999999.0,
0.0004200725082354044, 999999.0, 999999.0, 0.0002493529630540155,
0.0008261352004239333, 0.004449805499521179, 0.0040275580710413955, 999999.0,
0.0012776662898132988, 999999.0, 0.0005452782009070167, 0.00033304319346704196,
0.0005756720809484862, 999999.0, 0.0006795722433495069, 0.0007966515752253926,
0.0008100196986768681, 999999.0, 0.0037532398748545024, 0.0007747426430174826,
0.0007023867221534726, 0.0009300456671530158, 999999.0, 999999.0,
0.0049347506090249, 0.0008266304877229634, 0.0019882027480632248, 999999.0,
0.0007331387625647536, 0.0007989313511281129],
      [999999.0, 999999.0, 999999.0, 999999.0, 999999.0, 999999.0, 999999.0, 999999.0,
999999.0, 0.0, 999999.0, 999999.0, 999999.0, 999999.0, 999999.0, 999999.0,
999999.0, 999999.0, 999999.0, 999999.0, 999999.0, 0.0005754325962695296,
999999.0, 999999.0, 999999.0, 999999.0, 0.0003808551664657402, 999999.0,
999999.0, 999999.0, 999999.0, 999999.0, 999999.0, 999999.0, 999999.0, 999999.0,
999999.0, 999999.0, 0.0008820082587831339, 999999.0, 999999.0, 999999.0,
999999.0, 999999.0, 0.0006364416096849219, 999999.0, 0.0005509809653614188,
999999.0, 999999.0, 999999.0],
      [999999.0, 999999.0, 999999.0, 999999.0, 999999.0, 0.000603426532822791,
999999.0, 999999.0, 999999.0, 999999.0, 0.0, 999999.0, 0.0006152429387033833,
999999.0, 999999.0, 999999.0, 999999.0, 999999.0, 999999.0, 999999.0, 999999.0,
0.000521541735639372, 999999.0, 999999.0, 999999.0, 999999.0,
0.00045264090757311153, 999999.0, 999999.0, 999999.0, 999999.0, 999999.0,
999999.0, 999999.0, 999999.0, 999999.0, 999999.0, 999999.0,
0.00045077131262160665, 999999.0, 999999.0, 999999.0, 999999.0, 999999.0,
0.000742699659178492, 999999.0, 0.000984036044465898, 999999.0, 999999.0,
999999.0],
      [999999.0, 999999.0, 999999.0, 999999.0, 999999.0, 0.000236978953921541,
999999.0, 999999.0, 0.0009593697845322434, 999999.0, 999999.0, 0.0,
0.0007752613100368679, 999999.0, 999999.0, 999999.0, 999999.0, 999999.0,
999999.0, 999999.0, 999999.0, 0.0005728896460613175, 999999.0, 999999.0,
999999.0, 0.0006958600094802522, 0.00021861214623421397, 999999.0, 999999.0,
999999.0, 999999.0, 999999.0, 999999.0, 999999.0, 999999.0, 999999.0, 999999.0,
999999.0, 999999.0, 999999.0, 999999.0, 999999.0, 999999.0, 999999.0, 999999.0,
999999.0, 0.0007151828566295029, 999999.0, 999999.0, 999999.0],
      [0.0002122805165046649, 0.00020398455110975437, 0.00020102332634167457,
0.00038801484977340133, 0.000998870540053039, 0.003152088771197929,
0.0005107397721087007, 999999.0, 0.003393249887568006, 999999.0,
0.0006152429387033833, 0.0007752613100368679, 0.0, 999999.0, 999999.0,
0.0006295497682406843, 0.0008511147888586454, 0.0002822472892823858,
0.00030484331453655734, 999999.0, 0.0009079017596358832, 0.000858228532027218,
0.0003336185963889018, 999999.0, 999999.0, 999999.0, 999999.0,
0.0004851392492911322, 0.006621873754904264, 0.0007793608293104995,
0.0003757656848235182, 0.0006021582208978158, 999999.0, 999999.0,
0.0005201309712266314, 0.0008623038146180932, 0.0006195261076946246,
0.000991125010482919, 0.001976793537160905, 0.000484236283890091, 999999.0,
0.0004919025731626451, 0.0006912233241645366, 999999.0, 0.0006447955875605071,
999999.0, 999999.0, 0.0007211493073681156, 0.000946939717992693,
0.0005418284889364789],
      [999999.0, 999999.0, 999999.0, 999999.0, 999999.0, 0.000617027594075028,
999999.0, 999999.0, 0.0006003904750214771, 999999.0, 999999.0, 999999.0,
999999.0, 0.0, 999999.0, 999999.0, 999999.0, 999999.0, 999999.0, 999999.0,
999999.0, 0.00044769029601880706, 999999.0, 999999.0, 999999.0,
0.0005501313152268238, 0.0006918217676047772, 999999.0, 999999.0, 999999.0,
999999.0, 999999.0, 999999.0, 999999.0, 999999.0, 999999.0, 999999.0, 999999.0,
0.0004012169388637174, 999999.0, 999999.0, 999999.0, 999999.0, 999999.0,
0.000839452125162581, 999999.0, 0.000957486677656967, 999999.0, 999999.0,
999999.0],
      [999999.0, 999999.0, 999999.0, 999999.0, 999999.0, 0.00034148001691426455,
999999.0, 999999.0, 999999.0, 999999.0, 999999.0, 999999.0, 999999.0, 999999.0,
0.0, 999999.0, 999999.0, 999999.0, 999999.0, 999999.0, 999999.0,
0.0005742040268137085, 999999.0, 999999.0, 999999.0, 0.0002249066662414653,
999999.0, 999999.0, 999999.0, 999999.0, 999999.0, 999999.0, 999999.0, 999999.0,
999999.0, 999999.0, 999999.0, 999999.0, 0.000890182447036947, 999999.0,
999999.0, 999999.0, 999999.0, 999999.0, 0.000517359698199907, 999999.0,
999999.0, 999999.0, 999999.0, 999999.0],
      [999999.0, 999999.0, 999999.0, 999999.0, 999999.0, 0.0007620217232471353,
999999.0, 999999.0, 999999.0, 999999.0, 999999.0, 999999.0,
0.0006295497682406843, 999999.0, 999999.0, 0.0, 999999.0, 999999.0, 999999.0,
999999.0, 999999.0, 0.0007022739568652364, 999999.0, 999999.0, 999999.0,
0.0003643917174703452, 0.00026925177152329694, 999999.0, 999999.0, 999999.0,
999999.0, 999999.0, 999999.0, 999999.0, 999999.0, 999999.0, 999999.0, 999999.0,
0.000498316246199909, 999999.0, 999999.0, 999999.0, 999999.0, 999999.0,
0.0009179731035127285, 999999.0, 0.0006711887392336636, 999999.0, 999999.0,
999999.0],
      [999999.0, 999999.0, 999999.0, 999999.0, 999999.0, 0.0007857906444190342,
999999.0, 999999.0, 0.0008331710194799944, 999999.0, 999999.0, 999999.0,
0.0008511147888586454, 999999.0, 999999.0, 999999.0, 0.0, 999999.0, 999999.0,
999999.0, 999999.0, 0.0003441704839206585, 999999.0, 999999.0, 999999.0,
0.0009400221445655132, 0.0008138716015315617, 999999.0, 999999.0, 999999.0,
999999.0, 999999.0, 999999.0, 999999.0, 999999.0, 999999.0, 999999.0, 999999.0,
0.0003497611238458779, 999999.0, 999999.0, 999999.0, 999999.0, 999999.0,
0.0004753034996277558, 999999.0, 0.0002342798756277123, 999999.0, 999999.0,
999999.0],
      [999999.0, 999999.0, 999999.0, 999999.0, 999999.0, 0.00037017201013334565,
999999.0, 999999.0, 0.0006461440331536266, 999999.0, 999999.0, 999999.0,
0.0002822472892823858, 999999.0, 999999.0, 999999.0, 999999.0, 0.0, 999999.0,
999999.0, 999999.0, 999999.0, 999999.0, 999999.0, 999999.0,
0.00083701305074569, 0.0007624339594157261, 999999.0, 999999.0, 999999.0,
999999.0, 999999.0, 999999.0, 999999.0, 999999.0, 999999.0, 999999.0, 999999.0,
999999.0, 999999.0, 999999.0, 999999.0, 999999.0, 999999.0,
0.0003447770785181379, 999999.0, 0.0007730325877866853, 999999.0, 999999.0,
999999.0],
      [999999.0, 999999.0, 999999.0, 999999.0, 999999.0, 999999.0, 999999.0, 999999.0,
0.000735225441539224, 999999.0, 999999.0, 999999.0, 0.00030484331453655734,
999999.0, 999999.0, 999999.0, 999999.0, 999999.0, 0.0, 999999.0, 999999.0,
0.0008111044300186628, 999999.0, 999999.0, 999999.0, 0.0006903287808544611,
0.0003442518740736756, 999999.0, 999999.0, 999999.0, 999999.0, 999999.0,
999999.0, 999999.0, 999999.0, 999999.0, 999999.0, 999999.0,
0.0002686348629157351, 999999.0, 999999.0, 999999.0, 999999.0, 999999.0,
0.00027800753375351067, 999999.0, 0.0002074366825918066, 999999.0, 999999.0,
999999.0],
      [999999.0, 999999.0, 999999.0, 999999.0, 999999.0, 0.0004256383627695042,
999999.0, 999999.0, 999999.0, 999999.0, 999999.0, 999999.0, 999999.0, 999999.0,
999999.0, 999999.0, 999999.0, 999999.0, 999999.0, 0.0, 999999.0,
0.0007677636731822899, 999999.0, 999999.0, 999999.0, 999999.0, 999999.0,
999999.0, 999999.0, 999999.0, 999999.0, 999999.0, 999999.0, 999999.0, 999999.0,
999999.0, 999999.0, 999999.0, 0.00037849962848883316, 999999.0, 999999.0,
999999.0, 999999.0, 999999.0, 999999.0, 999999.0, 999999.0, 999999.0, 999999.0,
999999.0],
      [999999.0, 999999.0, 999999.0, 999999.0, 999999.0, 0.0007088625224685117,
999999.0, 999999.0, 0.0004200725082354044, 999999.0, 999999.0, 999999.0,
0.0009079017596358832, 999999.0, 999999.0, 999999.0, 999999.0, 999999.0,
999999.0, 999999.0, 0.0, 0.0008302652392760819, 999999.0, 999999.0, 999999.0,
0.0007202663234256318, 999999.0, 999999.0, 999999.0, 999999.0, 999999.0,
999999.0, 999999.0, 999999.0, 999999.0, 999999.0, 999999.0, 999999.0, 999999.0,
999999.0, 999999.0, 999999.0, 999999.0, 999999.0, 0.0006596139296653568,
999999.0, 0.0004755550122207113, 999999.0, 999999.0, 999999.0],
      [0.0004982158118329472, 0.00025148498987969607, 999999.0, 0.0007007439707416085,
0.0008872609572343496, 999999.0, 999999.0, 0.0005363638337060393, 999999.0,
0.0005754325962695296, 0.000521541735639372, 0.0005728896460613175,
0.000858228532027218, 0.00044769029601880706, 0.0005742040268137085,
0.0007022739568652364, 0.0003441704839206585, 999999.0, 0.0008111044300186628,
0.0007677636731822899, 0.0008302652392760819, 0.0, 0.0007365830840434259,
999999.0, 0.0002070566361176537, 999999.0, 999999.0, 0.00041072256933147956,
999999.0, 0.0009152693620585983, 999999.0, 999999.0, 0.0008414772668411732,
0.0004216014848905074, 999999.0, 0.0002929049711157777, 0.0007027507905168368,
999999.0, 999999.0, 0.0005241728435295348, 999999.0, 0.0007829975091460051,
0.0009425984308259369, 999999.0, 0.002196613486650902, 0.0003589470206831484,
999999.0, 999999.0, 0.0009312584733279273, 999999.0],
      [999999.0, 999999.0, 999999.0, 999999.0, 999999.0, 999999.0, 999999.0, 999999.0,
999999.0, 999999.0, 999999.0, 999999.0, 0.0003336185963889018, 999999.0,
999999.0, 999999.0, 999999.0, 999999.0, 999999.0, 999999.0, 999999.0,
0.0007365830840434259, 0.0, 999999.0, 999999.0, 999999.0,
0.0008055230850148807, 999999.0, 999999.0, 999999.0, 999999.0, 999999.0,
999999.0, 999999.0, 999999.0, 999999.0, 999999.0, 999999.0, 999999.0, 999999.0,
999999.0, 999999.0, 999999.0, 999999.0, 0.0006536006423050106, 999999.0,
999999.0, 999999.0, 999999.0, 999999.0],
      [999999.0, 999999.0, 999999.0, 999999.0, 999999.0, 0.00089766454869202,
999999.0, 999999.0, 0.0002493529630540155, 999999.0, 999999.0, 999999.0,
999999.0, 999999.0, 999999.0, 999999.0, 999999.0, 999999.0, 999999.0, 999999.0,
999999.0, 999999.0, 999999.0, 0.0, 999999.0, 0.0004994133071792005, 999999.0,
999999.0, 999999.0, 999999.0, 999999.0, 999999.0, 999999.0, 999999.0, 999999.0,
999999.0, 999999.0, 999999.0, 0.000799017008371666, 999999.0, 999999.0,
999999.0, 999999.0, 999999.0, 0.0005665526455812177, 999999.0, 999999.0,
999999.0, 999999.0, 999999.0],
      [999999.0, 999999.0, 999999.0, 999999.0, 999999.0, 0.0005591983151380517,
999999.0, 999999.0, 0.0008261352004239333, 999999.0, 999999.0, 999999.0,
999999.0, 999999.0, 999999.0, 999999.0, 999999.0, 999999.0, 999999.0, 999999.0,
999999.0, 0.0002070566361176537, 999999.0, 999999.0, 0.0,
0.00027275939859219356, 999999.0, 999999.0, 999999.0, 999999.0, 999999.0,
999999.0, 999999.0, 999999.0, 999999.0, 999999.0, 999999.0, 999999.0,
0.0006753941662127741, 999999.0, 999999.0, 999999.0, 999999.0, 999999.0,
0.0008213077495535439, 999999.0, 0.0005832488349562443, 999999.0, 999999.0,
999999.0],
      [0.0005904925292042495, 999999.0, 999999.0, 0.0007109263084422013,
0.0003407497523417355, 999999.0, 999999.0, 0.0007076678476396605,
0.004449805499521179, 999999.0, 999999.0, 0.0006958600094802522, 999999.0,
0.0005501313152268238, 0.0002249066662414653, 0.0003643917174703452,
0.0009400221445655132, 0.00083701305074569, 0.0006903287808544611, 999999.0,
0.0007202663234256318, 999999.0, 999999.0, 0.0004994133071792005,
0.00027275939859219356, 0.0, 0.0008135634188363833, 999999.0,
0.0054073825856844554, 0.0008976820553717342, 0.00033574897868279146,
0.0009963534543055098, 0.0007073826951205798, 0.0009117726611941138,
0.0005664673619515969, 999999.0, 0.0004561507070927061, 0.00025324282914891065,
0.003339665381062512, 999999.0, 0.0007916104093304596, 0.00027410176722243826,
0.0004762775411859681, 999999.0, 999999.0, 0.0007681597130221749,
0.0025894571095694515, 0.00040643496983842225, 0.00020449910809921008,
0.0008158828507494794],
      [0.0007424447801423586, 0.0006986978409904305, 0.0002718382283478304,
0.000344875231093597, 0.00031595136649206914, 999999.0, 0.000982024830116649,
0.0004219956390006698, 0.0040275580710413955, 0.0003808551664657402,
0.00045264090757311153, 0.00021861214623421397, 999999.0,
0.0006918217676047772, 999999.0, 0.00026925177152329694, 0.0008138716015315617,
0.0007624339594157261, 0.0003442518740736756, 999999.0, 999999.0, 999999.0,
0.0008055230850148807, 999999.0, 999999.0, 0.0008135634188363833, 0.0,
999999.0, 0.0014386224641095252, 999999.0, 999999.0, 999999.0,
0.0005135327717271777, 0.0005127967651377969, 0.0006406840636993669, 999999.0,
999999.0, 0.0008412129215376793, 999999.0, 0.0005068227054116268,
0.0006372507955894656, 0.0005683865217420517, 999999.0, 999999.0, 999999.0,
999999.0, 0.004560760806175105, 0.000795189115820932, 0.00024655315981538423,
999999.0],
      [999999.0, 999999.0, 999999.0, 999999.0, 999999.0, 999999.0, 999999.0, 999999.0,
999999.0, 999999.0, 999999.0, 999999.0, 0.0004851392492911322, 999999.0,
999999.0, 999999.0, 999999.0, 999999.0, 999999.0, 999999.0, 999999.0,
0.00041072256933147956, 999999.0, 999999.0, 999999.0, 999999.0, 999999.0, 0.0,
999999.0, 999999.0, 999999.0, 999999.0, 999999.0, 999999.0, 999999.0, 999999.0,
999999.0, 999999.0, 0.0008856930189239327, 999999.0, 999999.0, 999999.0,
999999.0, 999999.0, 0.0004271456068903292, 999999.0, 0.0006338122746067099,
999999.0, 999999.0, 999999.0],
      [999999.0, 999999.0, 999999.0, 999999.0, 999999.0, 0.006481665054149088,
999999.0, 999999.0, 0.0012776662898132988, 999999.0, 999999.0, 999999.0,
0.006621873754904264, 999999.0, 999999.0, 999999.0, 999999.0, 999999.0,
999999.0, 999999.0, 999999.0, 999999.0, 999999.0, 999999.0, 999999.0,
0.0054073825856844554, 0.0014386224641095252, 999999.0, 0.0, 999999.0,
999999.0, 999999.0, 999999.0, 999999.0, 999999.0, 999999.0, 999999.0, 999999.0,
999999.0, 999999.0, 999999.0, 999999.0, 999999.0, 999999.0,
0.008028820838569702, 999999.0, 0.005563971414833709, 999999.0, 999999.0,
999999.0],
      [999999.0, 999999.0, 999999.0, 999999.0, 999999.0, 0.0007962987106136569,
999999.0, 999999.0, 999999.0, 999999.0, 999999.0, 999999.0,
0.0007793608293104995, 999999.0, 999999.0, 999999.0, 999999.0, 999999.0,
999999.0, 999999.0, 999999.0, 0.0009152693620585983, 999999.0, 999999.0,
999999.0, 0.0008976820553717342, 999999.0, 999999.0, 999999.0, 0.0, 999999.0,
999999.0, 999999.0, 999999.0, 999999.0, 999999.0, 999999.0, 999999.0, 999999.0,
999999.0, 999999.0, 999999.0, 999999.0, 999999.0, 0.0008785686884903973,
999999.0, 0.0007934026523046263, 999999.0, 999999.0, 999999.0],
      [999999.0, 999999.0, 999999.0, 999999.0, 999999.0, 0.0002939287458679815,
999999.0, 999999.0, 0.0005452782009070167, 999999.0, 999999.0, 999999.0,
0.0003757656848235182, 999999.0, 999999.0, 999999.0, 999999.0, 999999.0,
999999.0, 999999.0, 999999.0, 999999.0, 999999.0, 999999.0, 999999.0,
0.00033574897868279146, 999999.0, 999999.0, 999999.0, 999999.0, 0.0, 999999.0,
999999.0, 999999.0, 999999.0, 999999.0, 999999.0, 999999.0, 999999.0, 999999.0,
999999.0, 999999.0, 999999.0, 999999.0, 0.0003948730694626563, 999999.0,
0.0008507294664268168, 999999.0, 999999.0, 999999.0],
      [999999.0, 999999.0, 999999.0, 999999.0, 999999.0, 999999.0, 999999.0, 999999.0,
0.00033304319346704196, 999999.0, 999999.0, 999999.0, 0.0006021582208978158,
999999.0, 999999.0, 999999.0, 999999.0, 999999.0, 999999.0, 999999.0, 999999.0,
999999.0, 999999.0, 999999.0, 999999.0, 0.0009963534543055098, 999999.0,
999999.0, 999999.0, 999999.0, 999999.0, 0.0, 999999.0, 999999.0, 999999.0,
999999.0, 999999.0, 999999.0, 0.0008486718183783047, 999999.0, 999999.0,
999999.0, 999999.0, 999999.0, 0.0006094628622016575, 999999.0,
0.0008015629211250866, 999999.0, 999999.0, 999999.0],
      [999999.0, 999999.0, 999999.0, 999999.0, 999999.0, 0.0008560765085550261,
999999.0, 999999.0, 0.0005756720809484862, 999999.0, 999999.0, 999999.0,
999999.0, 999999.0, 999999.0, 999999.0, 999999.0, 999999.0, 999999.0, 999999.0,
999999.0, 0.0008414772668411732, 999999.0, 999999.0, 999999.0,
0.0007073826951205798, 0.0005135327717271777, 999999.0, 999999.0, 999999.0,
999999.0, 999999.0, 0.0, 999999.0, 999999.0, 999999.0, 999999.0, 999999.0,
0.0009633254487200258, 999999.0, 999999.0, 999999.0, 999999.0, 999999.0,
0.0008388971416995788, 999999.0, 0.0008805944851833516, 999999.0, 999999.0,
999999.0],
      [999999.0, 999999.0, 999999.0, 999999.0, 999999.0, 0.0009862647067591327,
999999.0, 999999.0, 999999.0, 999999.0, 999999.0, 999999.0, 999999.0, 999999.0,
999999.0, 999999.0, 999999.0, 999999.0, 999999.0, 999999.0, 999999.0,
0.0004216014848905074, 999999.0, 999999.0, 999999.0, 0.0009117726611941138,
0.0005127967651377969, 999999.0, 999999.0, 999999.0, 999999.0, 999999.0,
999999.0, 0.0, 999999.0, 999999.0, 999999.0, 999999.0, 0.0004588190803606388,
999999.0, 999999.0, 999999.0, 999999.0, 999999.0, 0.0009398652582904725,
999999.0, 0.00036966194815658436, 999999.0, 999999.0, 999999.0],
      [999999.0, 999999.0, 999999.0, 999999.0, 999999.0, 0.00022606050857290817,
999999.0, 999999.0, 0.0006795722433495069, 999999.0, 999999.0, 999999.0,
0.0005201309712266314, 999999.0, 999999.0, 999999.0, 999999.0, 999999.0,
999999.0, 999999.0, 999999.0, 999999.0, 999999.0, 999999.0, 999999.0,
0.0005664673619515969, 0.0006406840636993669, 999999.0, 999999.0, 999999.0,
999999.0, 999999.0, 999999.0, 999999.0, 0.0, 999999.0, 999999.0, 999999.0,
999999.0, 999999.0, 999999.0, 999999.0, 999999.0, 999999.0,
0.0005383656869651384, 999999.0, 0.000281918745216115, 999999.0, 999999.0,
999999.0],
      [999999.0, 999999.0, 999999.0, 999999.0, 999999.0, 0.0003942296460034807,
999999.0, 999999.0, 0.0007966515752253926, 999999.0, 999999.0, 999999.0,
0.0008623038146180932, 999999.0, 999999.0, 999999.0, 999999.0, 999999.0,
999999.0, 999999.0, 999999.0, 0.0002929049711157777, 999999.0, 999999.0,
999999.0, 999999.0, 999999.0, 999999.0, 999999.0, 999999.0, 999999.0, 999999.0,
999999.0, 999999.0, 999999.0, 0.0, 999999.0, 999999.0, 0.0009531850485617084,
999999.0, 999999.0, 999999.0, 999999.0, 999999.0, 0.0002096806192422921,
999999.0, 999999.0, 999999.0, 999999.0, 999999.0],
      [999999.0, 999999.0, 999999.0, 999999.0, 999999.0, 0.0003214006303179224,
999999.0, 999999.0, 0.0008100196986768681, 999999.0, 999999.0, 999999.0,
0.0006195261076946246, 999999.0, 999999.0, 999999.0, 999999.0, 999999.0,
999999.0, 999999.0, 999999.0, 0.0007027507905168368, 999999.0, 999999.0,
999999.0, 0.0004561507070927061, 999999.0, 999999.0, 999999.0, 999999.0,
999999.0, 999999.0, 999999.0, 999999.0, 999999.0, 999999.0, 0.0, 999999.0,
0.0003804192819702067, 999999.0, 999999.0, 999999.0, 999999.0, 999999.0,
999999.0, 999999.0, 999999.0, 999999.0, 999999.0, 999999.0],
      [999999.0, 999999.0, 999999.0, 999999.0, 999999.0, 999999.0, 999999.0, 999999.0,
999999.0, 999999.0, 999999.0, 999999.0, 0.000991125010482919, 999999.0,
999999.0, 999999.0, 999999.0, 999999.0, 999999.0, 999999.0, 999999.0, 999999.0,
999999.0, 999999.0, 999999.0, 0.00025324282914891065, 0.0008412129215376793,
999999.0, 999999.0, 999999.0, 999999.0, 999999.0, 999999.0, 999999.0, 999999.0,
999999.0, 999999.0, 0.0, 0.0005699945478862983, 999999.0, 999999.0, 999999.0,
999999.0, 999999.0, 999999.0, 999999.0, 0.00023973680475862703, 999999.0,
999999.0, 999999.0],
      [999999.0, 999999.0, 0.00038816558195048297, 0.00039194720850397105, 999999.0,
0.0017385602466071695, 999999.0, 0.0007789894773674584, 0.0037532398748545024,
0.0008820082587831339, 0.00045077131262160665, 999999.0, 0.001976793537160905,
0.0004012169388637174, 0.000890182447036947, 0.000498316246199909,
0.0003497611238458779, 999999.0, 0.0002686348629157351, 0.00037849962848883316,
999999.0, 999999.0, 999999.0, 0.000799017008371666, 0.0006753941662127741,
0.003339665381062512, 999999.0, 0.0008856930189239327, 999999.0, 999999.0,
999999.0, 0.0008486718183783047, 0.0009633254487200258, 0.0004588190803606388,
999999.0, 0.0009531850485617084, 0.0003804192819702067, 0.0005699945478862983,
0.0, 999999.0, 0.0008073062780930188, 999999.0, 0.000661049987564603, 999999.0,
999999.0, 999999.0, 0.0014933153799557466, 999999.0, 0.0004485897579002818,
0.00027882738291615467],
      [999999.0, 999999.0, 999999.0, 999999.0, 999999.0, 0.0009903250346635565,
999999.0, 999999.0, 0.0007747426430174826, 999999.0, 999999.0, 999999.0,
0.000484236283890091, 999999.0, 999999.0, 999999.0, 999999.0, 999999.0,
999999.0, 999999.0, 999999.0, 0.0005241728435295348, 999999.0, 999999.0,
999999.0, 999999.0, 0.0005068227054116268, 999999.0, 999999.0, 999999.0,
999999.0, 999999.0, 999999.0, 999999.0, 999999.0, 999999.0, 999999.0, 999999.0,
999999.0, 0.0, 999999.0, 999999.0, 999999.0, 999999.0, 0.0005427559991655602,
999999.0, 0.0009089101203074273, 999999.0, 999999.0, 999999.0],
      [999999.0, 999999.0, 999999.0, 999999.0, 999999.0, 0.0007785923196993458,
999999.0, 999999.0, 0.0007023867221534726, 999999.0, 999999.0, 999999.0,
999999.0, 999999.0, 999999.0, 999999.0, 999999.0, 999999.0, 999999.0, 999999.0,
999999.0, 999999.0, 999999.0, 999999.0, 999999.0, 0.0007916104093304596,
0.0006372507955894656, 999999.0, 999999.0, 999999.0, 999999.0, 999999.0,
999999.0, 999999.0, 999999.0, 999999.0, 999999.0, 999999.0,
0.0008073062780930188, 999999.0, 0.0, 999999.0, 999999.0, 999999.0,
0.00022941121403198352, 999999.0, 999999.0, 999999.0, 999999.0, 999999.0],
      [999999.0, 999999.0, 999999.0, 999999.0, 999999.0, 0.0006926442544575459,
999999.0, 999999.0, 0.0009300456671530158, 999999.0, 999999.0, 999999.0,
0.0004919025731626451, 999999.0, 999999.0, 999999.0, 999999.0, 999999.0,
999999.0, 999999.0, 999999.0, 0.0007829975091460051, 999999.0, 999999.0,
999999.0, 0.00027410176722243826, 0.0005683865217420517, 999999.0, 999999.0,
999999.0, 999999.0, 999999.0, 999999.0, 999999.0, 999999.0, 999999.0, 999999.0,
999999.0, 999999.0, 999999.0, 999999.0, 0.0, 999999.0, 999999.0,
0.0007500870259942172, 999999.0, 0.0002687355041759988, 999999.0, 999999.0,
999999.0],
      [999999.0, 999999.0, 999999.0, 999999.0, 999999.0, 0.0007420571723192186,
999999.0, 999999.0, 999999.0, 999999.0, 999999.0, 999999.0,
0.0006912233241645366, 999999.0, 999999.0, 999999.0, 999999.0, 999999.0,
999999.0, 999999.0, 999999.0, 0.0009425984308259369, 999999.0, 999999.0,
999999.0, 0.0004762775411859681, 999999.0, 999999.0, 999999.0, 999999.0,
999999.0, 999999.0, 999999.0, 999999.0, 999999.0, 999999.0, 999999.0, 999999.0,
0.000661049987564603, 999999.0, 999999.0, 999999.0, 0.0, 999999.0,
0.0005101336675615552, 999999.0, 0.0002554138810387729, 999999.0, 999999.0,
999999.0],
      [999999.0, 999999.0, 999999.0, 999999.0, 999999.0, 999999.0, 999999.0, 999999.0,
999999.0, 999999.0, 999999.0, 999999.0, 999999.0, 999999.0, 999999.0, 999999.0,
999999.0, 999999.0, 999999.0, 999999.0, 999999.0, 999999.0, 999999.0, 999999.0,
999999.0, 999999.0, 999999.0, 999999.0, 999999.0, 999999.0, 999999.0, 999999.0,
999999.0, 999999.0, 999999.0, 999999.0, 999999.0, 999999.0, 999999.0, 999999.0,
999999.0, 999999.0, 999999.0, 0.0, 0.0017856669352784029, 999999.0, 999999.0,
999999.0, 999999.0, 999999.0],
      [0.0005670047435546676, 0.00045357336659441506, 999999.0, 0.0009914241459267152,
0.0002901912169972373, 999999.0, 999999.0, 0.0008781381501097917,
0.0049347506090249, 0.0006364416096849219, 0.000742699659178492, 999999.0,
0.0006447955875605071, 0.000839452125162581, 0.000517359698199907,
0.0009179731035127285, 0.0004753034996277558, 0.0003447770785181379,
0.00027800753375351067, 999999.0, 0.0006596139296653568, 0.002196613486650902,
0.0006536006423050106, 0.0005665526455812177, 0.0008213077495535439, 999999.0,
999999.0, 0.0004271456068903292, 0.008028820838569702, 0.0008785686884903973,
0.0003948730694626563, 0.0006094628622016575, 0.0008388971416995788,
0.0009398652582904725, 0.0005383656869651384, 0.0002096806192422921, 999999.0,
999999.0, 999999.0, 0.0005427559991655602, 0.00022941121403198352,
0.0007500870259942172, 0.0005101336675615552, 0.0017856669352784029, 0.0,
0.0007056877426696623, 999999.0, 0.0007171126192169156, 0.0009300272943766649,
999999.0],
      [999999.0, 999999.0, 999999.0, 999999.0, 999999.0, 0.0006748695236227893,
999999.0, 999999.0, 0.0008266304877229634, 999999.0, 999999.0, 999999.0,
999999.0, 999999.0, 999999.0, 999999.0, 999999.0, 999999.0, 999999.0, 999999.0,
999999.0, 0.0003589470206831484, 999999.0, 999999.0, 999999.0,
0.0007681597130221749, 999999.0, 999999.0, 999999.0, 999999.0, 999999.0,
999999.0, 999999.0, 999999.0, 999999.0, 999999.0, 999999.0, 999999.0, 999999.0,
999999.0, 999999.0, 999999.0, 999999.0, 999999.0, 0.0007056877426696623, 0.0,
0.00043102561421266123, 999999.0, 999999.0, 999999.0],
      [999999.0, 0.000501208642675311, 0.0002657831477318456, 0.0009959412116574238,
999999.0, 0.0044798871973662086, 0.0006157350824872646, 0.0004264203017491763,
0.0019882027480632248, 0.0005509809653614188, 0.000984036044465898,
0.0007151828566295029, 999999.0, 0.000957486677656967, 999999.0,
0.0006711887392336636, 0.0002342798756277123, 0.0007730325877866853,
0.0002074366825918066, 999999.0, 0.0004755550122207113, 999999.0, 999999.0,
999999.0, 0.0005832488349562443, 0.0025894571095694515, 0.004560760806175105,
0.0006338122746067099, 0.005563971414833709, 0.0007934026523046263,
0.0008507294664268168, 0.0008015629211250866, 0.0008805944851833516,
0.00036966194815658436, 0.000281918745216115, 999999.0, 999999.0,
0.00023973680475862703, 0.0014933153799557466, 0.0009089101203074273, 999999.0,
0.0002687355041759988, 0.0002554138810387729, 999999.0, 999999.0,
0.00043102561421266123, 0.0, 0.0007890782107546827, 0.0004077459937843999,
0.00041767223119237244],
      [999999.0, 999999.0, 999999.0, 999999.0, 999999.0, 999999.0, 999999.0, 999999.0,
999999.0, 999999.0, 999999.0, 999999.0, 0.0007211493073681156, 999999.0,
999999.0, 999999.0, 999999.0, 999999.0, 999999.0, 999999.0, 999999.0, 999999.0,
999999.0, 999999.0, 999999.0, 0.00040643496983842225, 0.000795189115820932,
999999.0, 999999.0, 999999.0, 999999.0, 999999.0, 999999.0, 999999.0, 999999.0,
999999.0, 999999.0, 999999.0, 999999.0, 999999.0, 999999.0, 999999.0, 999999.0,
999999.0, 0.0007171126192169156, 999999.0, 0.0007890782107546827, 0.0,
999999.0, 999999.0],
      [999999.0, 999999.0, 999999.0, 999999.0, 999999.0, 0.0006311327385861243,
999999.0, 999999.0, 0.0007331387625647536, 999999.0, 999999.0, 999999.0,
0.000946939717992693, 999999.0, 999999.0, 999999.0, 999999.0, 999999.0,
999999.0, 999999.0, 999999.0, 0.0009312584733279273, 999999.0, 999999.0,
999999.0, 0.00020449910809921008, 0.00024655315981538423, 999999.0, 999999.0,
999999.0, 999999.0, 999999.0, 999999.0, 999999.0, 999999.0, 999999.0, 999999.0,
999999.0, 0.0004485897579002818, 999999.0, 999999.0, 999999.0, 999999.0,
999999.0, 0.0009300272943766649, 999999.0, 0.0004077459937843999, 999999.0,
0.0, 999999.0],
      [999999.0, 999999.0, 999999.0, 999999.0, 999999.0, 0.00021314967552836796,
999999.0, 999999.0, 0.0007989313511281129, 999999.0, 999999.0, 999999.0,
0.0005418284889364789, 999999.0, 999999.0, 999999.0, 999999.0, 999999.0,
999999.0, 999999.0, 999999.0, 999999.0, 999999.0, 999999.0, 999999.0,
0.0008158828507494794, 999999.0, 999999.0, 999999.0, 999999.0, 999999.0,
999999.0, 999999.0, 999999.0, 999999.0, 999999.0, 999999.0, 999999.0,
0.00027882738291615467, 999999.0, 999999.0, 999999.0, 999999.0, 999999.0,
999999.0, 999999.0, 0.00041767223119237244, 999999.0, 999999.0, 0.0]
    ],
    "bandwidth_matrix": [
      [999999.0, 0.0, 0.0, 0.0, 0.0, 23.0, 0.0, 0.0, 36.0, 0.0, 0.0, 0.0, 79.0, 0.0,
0.0, 0.0, 0.0, 0.0, 0.0, 0.0, 0.0, 56.0, 0.0, 0.0, 0.0, 35.0, 83.0, 0.0, 0.0,
0.0, 0.0, 0.0, 0.0, 0.0, 0.0, 0.0, 0.0, 0.0, 0.0, 0.0, 0.0, 0.0, 0.0, 0.0,
92.0, 0.0, 0.0, 0.0, 0.0, 0.0],
      [0.0, 999999.0, 0.0, 0.0, 0.0, 63.0, 0.0, 0.0, 78.0, 0.0, 0.0, 0.0, 73.0, 0.0,
0.0, 0.0, 0.0, 0.0, 0.0, 0.0, 0.0, 26.0, 0.0, 0.0, 0.0, 0.0, 19.0, 0.0, 0.0,
0.0, 0.0, 0.0, 0.0, 0.0, 0.0, 0.0, 0.0, 0.0, 0.0, 0.0, 0.0, 0.0, 0.0, 0.0,
51.0, 0.0, 22.0, 0.0, 0.0, 0.0],
      [0.0, 0.0, 999999.0, 0.0, 0.0, 0.0, 0.0, 0.0, 64.0, 0.0, 0.0, 0.0, 88.0, 0.0,
0.0, 0.0, 0.0, 0.0, 0.0, 0.0, 0.0, 0.0, 0.0, 0.0, 0.0, 0.0, 100.0, 0.0, 0.0,
0.0, 0.0, 0.0, 0.0, 0.0, 0.0, 0.0, 0.0, 0.0, 84.0, 0.0, 0.0, 0.0, 0.0, 0.0,
0.0, 0.0, 66.0, 0.0, 0.0, 0.0],
      [0.0, 0.0, 0.0, 999999.0, 0.0, 90.0, 0.0, 0.0, 60.0, 0.0, 0.0, 0.0, 76.0, 0.0,
0.0, 0.0, 0.0, 0.0, 0.0, 0.0, 0.0, 54.0, 0.0, 0.0, 0.0, 55.0, 99.0, 0.0, 0.0,
0.0, 0.0, 0.0, 0.0, 0.0, 0.0, 0.0, 0.0, 0.0, 75.0, 0.0, 0.0, 0.0, 0.0, 0.0,
74.0, 0.0, 46.0, 0.0, 0.0, 0.0],
      [0.0, 0.0, 0.0, 0.0, 999999.0, 0.0, 0.0, 0.0, 65.0, 0.0, 0.0, 0.0, 64.0, 0.0,
0.0, 0.0, 0.0, 0.0, 0.0, 0.0, 0.0, 32.0, 0.0, 0.0, 0.0, 60.0, 19.0, 0.0, 0.0,
0.0, 0.0, 0.0, 0.0, 0.0, 0.0, 0.0, 0.0, 0.0, 0.0, 0.0, 0.0, 0.0, 0.0, 0.0,
56.0, 0.0, 0.0, 0.0, 0.0, 0.0],
      [23.0, 63.0, 0.0, 90.0, 0.0, 999999.0, 0.0, 69.0, 0.0, 0.0, 66.0, 44.0, 241.0,
98.0, 84.0, 14.0, 27.0, 13.0, 0.0, 56.0, 45.0, 0.0, 0.0, 27.0, 60.0, 0.0, 0.0,
0.0, 851.0, 25.0, 84.0, 0.0, 99.0, 77.0, 79.0, 86.0, 74.0, 0.0, 344.0, 85.0,
24.0, 26.0, 33.0, 0.0, 0.0, 63.0, 241.0, 0.0, 26.0, 53.0],
      [0.0, 0.0, 0.0, 0.0, 0.0, 0.0, 999999.0, 0.0, 44.0, 0.0, 0.0, 0.0, 95.0, 0.0,
0.0, 0.0, 0.0, 0.0, 0.0, 0.0, 0.0, 0.0, 0.0, 0.0, 0.0, 0.0, 48.0, 0.0, 0.0,
0.0, 0.0, 0.0, 0.0, 0.0, 0.0, 0.0, 0.0, 0.0, 0.0, 0.0, 0.0, 0.0, 0.0, 0.0, 0.0,
0.0, 94.0, 0.0, 0.0, 0.0],
      [0.0, 0.0, 0.0, 0.0, 0.0, 69.0, 0.0, 999999.0, 49.0, 0.0, 0.0, 0.0, 0.0, 0.0,
0.0, 0.0, 0.0, 0.0, 0.0, 0.0, 0.0, 90.0, 0.0, 0.0, 0.0, 97.0, 55.0, 0.0, 0.0,
0.0, 0.0, 0.0, 0.0, 0.0, 0.0, 0.0, 0.0, 0.0, 59.0, 0.0, 0.0, 0.0, 0.0, 0.0,
49.0, 0.0, 18.0, 0.0, 0.0, 0.0],
      [36.0, 78.0, 64.0, 60.0, 65.0, 0.0, 44.0, 49.0, 999999.0, 0.0, 0.0, 47.0, 360.0,
87.0, 0.0, 0.0, 52.0, 82.0, 98.0, 0.0, 25.0, 0.0, 0.0, 75.0, 67.0, 329.0,
460.0, 0.0, 958.0, 0.0, 51.0, 44.0, 84.0, 0.0, 66.0, 92.0, 78.0, 0.0, 318.0,
61.0, 72.0, 17.0, 0.0, 0.0, 270.0, 97.0, 259.0, 0.0, 84.0, 10.0],
      [0.0, 0.0, 0.0, 0.0, 0.0, 0.0, 0.0, 0.0, 0.0, 999999.0, 0.0, 0.0, 0.0, 0.0, 0.0,
0.0, 0.0, 0.0, 0.0, 0.0, 0.0, 65.0, 0.0, 0.0, 0.0, 0.0, 63.0, 0.0, 0.0, 0.0,
0.0, 0.0, 0.0, 0.0, 0.0, 0.0, 0.0, 0.0, 57.0, 0.0, 0.0, 0.0, 0.0, 0.0, 60.0,
0.0, 63.0, 0.0, 0.0, 0.0],
      [0.0, 0.0, 0.0, 0.0, 0.0, 66.0, 0.0, 0.0, 0.0, 0.0, 999999.0, 0.0, 14.0, 0.0,
0.0, 0.0, 0.0, 0.0, 0.0, 0.0, 0.0, 91.0, 0.0, 0.0, 0.0, 0.0, 41.0, 0.0, 0.0,
0.0, 0.0, 0.0, 0.0, 0.0, 0.0, 0.0, 0.0, 0.0, 59.0, 0.0, 0.0, 0.0, 0.0, 0.0,
17.0, 0.0, 24.0, 0.0, 0.0, 0.0],
      [0.0, 0.0, 0.0, 0.0, 0.0, 44.0, 0.0, 0.0, 47.0, 0.0, 0.0, 999999.0, 86.0, 0.0,
0.0, 0.0, 0.0, 0.0, 0.0, 0.0, 0.0, 61.0, 0.0, 0.0, 0.0, 94.0, 36.0, 0.0, 0.0,
0.0, 0.0, 0.0, 0.0, 0.0, 0.0, 0.0, 0.0, 0.0, 0.0, 0.0, 0.0, 0.0, 0.0, 0.0, 0.0,
0.0, 90.0, 0.0, 0.0, 0.0],
      [79.0, 73.0, 88.0, 76.0, 64.0, 241.0, 95.0, 0.0, 360.0, 0.0, 14.0, 86.0,
999999.0, 0.0, 0.0, 95.0, 35.0, 86.0, 43.0, 0.0, 85.0, 352.0, 46.0, 0.0, 0.0,
0.0, 0.0, 14.0, 880.0, 64.0, 52.0, 45.0, 0.0, 0.0, 57.0, 62.0, 22.0, 39.0,
432.0, 46.0, 0.0, 24.0, 12.0, 0.0, 143.0, 0.0, 0.0, 62.0, 16.0, 55.0],
      [0.0, 0.0, 0.0, 0.0, 0.0, 98.0, 0.0, 0.0, 87.0, 0.0, 0.0, 0.0, 0.0, 999999.0,
0.0, 0.0, 0.0, 0.0, 0.0, 0.0, 0.0, 32.0, 0.0, 0.0, 0.0, 47.0, 43.0, 0.0, 0.0,
0.0, 0.0, 0.0, 0.0, 0.0, 0.0, 0.0, 0.0, 0.0, 21.0, 0.0, 0.0, 0.0, 0.0, 0.0,
37.0, 0.0, 79.0, 0.0, 0.0, 0.0],
      [0.0, 0.0, 0.0, 0.0, 0.0, 84.0, 0.0, 0.0, 0.0, 0.0, 0.0, 0.0, 0.0, 0.0,
999999.0, 0.0, 0.0, 0.0, 0.0, 0.0, 0.0, 61.0, 0.0, 0.0, 0.0, 80.0, 0.0, 0.0,
0.0, 0.0, 0.0, 0.0, 0.0, 0.0, 0.0, 0.0, 0.0, 0.0, 57.0, 0.0, 0.0, 0.0, 0.0,
0.0, 75.0, 0.0, 0.0, 0.0, 0.0, 0.0],
      [0.0, 0.0, 0.0, 0.0, 0.0, 14.0, 0.0, 0.0, 0.0, 0.0, 0.0, 0.0, 95.0, 0.0, 0.0,
999999.0, 0.0, 0.0, 0.0, 0.0, 0.0, 21.0, 0.0, 0.0, 0.0, 23.0, 92.0, 0.0, 0.0,
0.0, 0.0, 0.0, 0.0, 0.0, 0.0, 0.0, 0.0, 0.0, 34.0, 0.0, 0.0, 0.0, 0.0, 0.0,
71.0, 0.0, 100.0, 0.0, 0.0, 0.0],
      [0.0, 0.0, 0.0, 0.0, 0.0, 27.0, 0.0, 0.0, 52.0, 0.0, 0.0, 0.0, 35.0, 0.0, 0.0,
0.0, 999999.0, 0.0, 0.0, 0.0, 0.0, 88.0, 0.0, 0.0, 0.0, 38.0, 18.0, 0.0, 0.0,
0.0, 0.0, 0.0, 0.0, 0.0, 0.0, 0.0, 0.0, 0.0, 75.0, 0.0, 0.0, 0.0, 0.0, 0.0,
56.0, 0.0, 46.0, 0.0, 0.0, 0.0],
      [0.0, 0.0, 0.0, 0.0, 0.0, 13.0, 0.0, 0.0, 82.0, 0.0, 0.0, 0.0, 86.0, 0.0, 0.0,
0.0, 0.0, 999999.0, 0.0, 0.0, 0.0, 0.0, 0.0, 0.0, 0.0, 28.0, 23.0, 0.0, 0.0,
0.0, 0.0, 0.0, 0.0, 0.0, 0.0, 0.0, 0.0, 0.0, 0.0, 0.0, 0.0, 0.0, 0.0, 0.0,
97.0, 0.0, 85.0, 0.0, 0.0, 0.0],
      [0.0, 0.0, 0.0, 0.0, 0.0, 0.0, 0.0, 0.0, 98.0, 0.0, 0.0, 0.0, 43.0, 0.0, 0.0,
0.0, 0.0, 0.0, 999999.0, 0.0, 0.0, 40.0, 0.0, 0.0, 0.0, 81.0, 28.0, 0.0, 0.0,
0.0, 0.0, 0.0, 0.0, 0.0, 0.0, 0.0, 0.0, 0.0, 42.0, 0.0, 0.0, 0.0, 0.0, 0.0,
91.0, 0.0, 56.0, 0.0, 0.0, 0.0],
      [0.0, 0.0, 0.0, 0.0, 0.0, 56.0, 0.0, 0.0, 0.0, 0.0, 0.0, 0.0, 0.0, 0.0, 0.0,
0.0, 0.0, 0.0, 0.0, 999999.0, 0.0, 34.0, 0.0, 0.0, 0.0, 0.0, 0.0, 0.0, 0.0,
0.0, 0.0, 0.0, 0.0, 0.0, 0.0, 0.0, 0.0, 0.0, 87.0, 0.0, 0.0, 0.0, 0.0, 0.0,
0.0, 0.0, 0.0, 0.0, 0.0, 0.0],
      [0.0, 0.0, 0.0, 0.0, 0.0, 45.0, 0.0, 0.0, 25.0, 0.0, 0.0, 0.0, 85.0, 0.0, 0.0,
0.0, 0.0, 0.0, 0.0, 0.0, 999999.0, 58.0, 0.0, 0.0, 0.0, 13.0, 0.0, 0.0, 0.0,
0.0, 0.0, 0.0, 0.0, 0.0, 0.0, 0.0, 0.0, 0.0, 0.0, 0.0, 0.0, 0.0, 0.0, 0.0,
67.0, 0.0, 60.0, 0.0, 0.0, 0.0],
      [56.0, 26.0, 0.0, 54.0, 32.0, 0.0, 0.0, 90.0, 0.0, 65.0, 91.0, 61.0, 352.0,
32.0, 61.0, 21.0, 88.0, 0.0, 40.0, 34.0, 58.0, 999999.0, 48.0, 0.0, 63.0, 0.0,
0.0, 52.0, 0.0, 32.0, 0.0, 0.0, 68.0, 11.0, 0.0, 74.0, 89.0, 0.0, 0.0, 100.0,
0.0, 14.0, 52.0, 0.0, 168.0, 27.0, 0.0, 0.0, 22.0, 0.0],
      [0.0, 0.0, 0.0, 0.0, 0.0, 0.0, 0.0, 0.0, 0.0, 0.0, 0.0, 0.0, 46.0, 0.0, 0.0,
0.0, 0.0, 0.0, 0.0, 0.0, 0.0, 48.0, 999999.0, 0.0, 0.0, 0.0, 66.0, 0.0, 0.0,
0.0, 0.0, 0.0, 0.0, 0.0, 0.0, 0.0, 0.0, 0.0, 0.0, 0.0, 0.0, 0.0, 0.0, 0.0,
30.0, 0.0, 0.0, 0.0, 0.0, 0.0],
      [0.0, 0.0, 0.0, 0.0, 0.0, 27.0, 0.0, 0.0, 75.0, 0.0, 0.0, 0.0, 0.0, 0.0, 0.0,
0.0, 0.0, 0.0, 0.0, 0.0, 0.0, 0.0, 0.0, 999999.0, 0.0, 43.0, 0.0, 0.0, 0.0,
0.0, 0.0, 0.0, 0.0, 0.0, 0.0, 0.0, 0.0, 0.0, 40.0, 0.0, 0.0, 0.0, 0.0, 0.0,
