{
    "compute_power": [3358.1088159001006, 523.2862313060386, 283.78159897491685, 988.9240013963492,
3215.237743755496, 206.62959606990344, 376.9575775421925, 465.27858626602716,
135.41206042001738, 254.16807659784158, 853.3210783923631, 722.9722742098867,
343.96620791626776, 1757.8373301654535, 558.1990917018086, 871.5624403001071,
323.5552078160514, 216.70953316944747, 153.25044731419572, 789.9897944471618,
537.1089217731637, 426.3179442960002, 816.8013774611296, 159.82201211293676,
1621.3036824276078, 856.0462119061019, 467.969462142845, 256.8633679920691,
5661.717567621179, 735.1616653758488, 237.778574529267, 706.4913650011199,
1359.985931174207, 356.4494081709258, 8475.77617274176, 168.006616358747,
958.4646515963079, 7439.765726641715, 1587.709145910646, 2521.5382711489156,
729.8252449338503, 164.6531634700316, 332.2968681916411, 3692.066236095091,
403.1558000644526, 671.0187640238298, 331.0754562097841, 644.4192690475501,
100.59236072002024, 4470.268451427984],
    "latency_matrix": [
      [0.0, 0.0008268714421627017, 999999.0, 999999.0, 0.0035497564490235317,
0.0006863646020763516, 999999.0, 0.0006486306273544413, 0.00044537274681126407,
0.0006455903045756799, 999999.0, 0.0008898748789480904, 0.0005477332661702158,
0.003747922447604408, 0.0002167841811713122, 0.0006019376188955314,
0.00038158194553149704, 0.0002948231116625686, 999999.0, 0.0005821455767791013,
999999.0, 0.0004130332680864142, 999999.0, 0.0009269974819162379,
0.0007524544251700845, 0.0007919038172895041, 0.0008831680646599823, 999999.0,
0.008033754468555938, 0.0002092311597015569, 0.000868052219730222,
0.0009523790740816628, 0.004974234227952096, 0.00044774047536540944,
0.006752071584304939, 0.000843958677509026, 999999.0, 999999.0,
0.0006773095682636439, 0.002706720628273616, 999999.0, 0.0006537348231424435,
0.0007067006251041181, 0.0031555321721014173, 0.00022326773942925941,
0.0006763251101434131, 999999.0, 0.0006518393952654071, 999999.0, 999999.0],
      [0.0008268714421627017, 0.0, 999999.0, 999999.0, 999999.0, 999999.0, 999999.0,
999999.0, 999999.0, 999999.0, 999999.0, 999999.0, 999999.0,
0.0009151000876669387, 999999.0, 999999.0, 999999.0, 999999.0, 999999.0,
999999.0, 999999.0, 999999.0, 999999.0, 999999.0, 999999.0, 999999.0, 999999.0,
999999.0, 999999.0, 999999.0, 999999.0, 999999.0, 0.00030766115943735804,
999999.0, 999999.0, 999999.0, 999999.0, 999999.0, 999999.0,
0.0005936589683031837, 999999.0, 999999.0, 999999.0, 0.0004563197353186704,
999999.0, 999999.0, 999999.0, 999999.0, 999999.0, 999999.0],
      [999999.0, 999999.0, 0.0, 999999.0, 0.0006571006400909265, 999999.0, 999999.0,
999999.0, 999999.0, 999999.0, 999999.0, 999999.0, 999999.0,
0.000788567739703502, 999999.0, 999999.0, 999999.0, 999999.0, 999999.0,
999999.0, 999999.0, 999999.0, 999999.0, 999999.0, 0.0009015061831521486,
999999.0, 999999.0, 999999.0, 999999.0, 999999.0, 999999.0, 999999.0,
0.0007485766655398485, 999999.0, 999999.0, 999999.0, 999999.0, 999999.0,
999999.0, 0.0007646926382256427, 999999.0, 999999.0, 999999.0,
0.00037409281624889375, 999999.0, 999999.0, 999999.0, 999999.0, 999999.0,
999999.0],
      [999999.0, 999999.0, 999999.0, 0.0, 0.000839502120159309, 999999.0, 999999.0,
999999.0, 999999.0, 999999.0, 999999.0, 999999.0, 999999.0,
0.0006330381258769927, 999999.0, 999999.0, 999999.0, 999999.0, 999999.0,
999999.0, 999999.0, 999999.0, 999999.0, 999999.0, 0.00022928065311752298,
999999.0, 999999.0, 999999.0, 999999.0, 999999.0, 999999.0, 999999.0, 999999.0,
999999.0, 999999.0, 999999.0, 999999.0, 999999.0, 999999.0,
0.0009386200904048935, 999999.0, 999999.0, 999999.0, 0.000535759778280235,
999999.0, 999999.0, 999999.0, 999999.0, 999999.0, 0.00045936299250258267],
      [0.0035497564490235317, 999999.0, 0.0006571006400909265, 0.000839502120159309,
0.0, 0.00035131727275560204, 999999.0, 999999.0, 0.0004212735879432029,
0.0009301796222550066, 0.0005982075421463289, 0.000540011301596957,
0.00022768487880687793, 0.0027404331586788895, 999999.0,
0.00032255339398735896, 0.000545829301066621, 0.00032548877286992737,
0.0009047308142222447, 0.0006860789544681072, 0.0008274494176075102,
0.0009596488996562529, 999999.0, 999999.0, 999999.0, 999999.0,
0.00023624273724760168, 0.0007262097165838544, 0.007913836250631405, 999999.0,
0.000368424676012268, 999999.0, 0.0037380152244435075, 0.0002367869305154427,
0.009619486031580492, 0.00023381496231487242, 0.000985308460916142,
0.0028159048363734047, 999999.0, 999999.0, 0.0006860136896621694,
0.00034130189323191846, 999999.0, 999999.0, 0.0004789789057826672,
0.0006306199089453929, 0.0009827517404671798, 0.0009337968636051909, 999999.0,
0.0011784629498200396],
      [0.0006863646020763516, 999999.0, 999999.0, 999999.0, 0.00035131727275560204,
0.0, 999999.0, 999999.0, 999999.0, 999999.0, 999999.0, 999999.0, 999999.0,
999999.0, 999999.0, 999999.0, 999999.0, 999999.0, 999999.0, 999999.0, 999999.0,
999999.0, 999999.0, 999999.0, 999999.0, 999999.0, 999999.0, 999999.0, 999999.0,
999999.0, 999999.0, 999999.0, 0.0002359655881487887, 999999.0, 999999.0,
999999.0, 999999.0, 999999.0, 0.0006419148489385813, 999999.0, 999999.0,
999999.0, 999999.0, 0.0009291497606660241, 999999.0, 999999.0, 999999.0,
999999.0, 999999.0, 0.0007402855690862316],
      [999999.0, 999999.0, 999999.0, 999999.0, 999999.0, 999999.0, 0.0, 999999.0,
999999.0, 999999.0, 999999.0, 999999.0, 999999.0, 0.0008377499329656514,
999999.0, 999999.0, 999999.0, 999999.0, 999999.0, 999999.0, 999999.0, 999999.0,
999999.0, 999999.0, 0.0007656387519064769, 999999.0, 999999.0, 999999.0,
999999.0, 999999.0, 999999.0, 999999.0, 0.0006513450228330677, 999999.0,
999999.0, 999999.0, 999999.0, 999999.0, 0.00027595278198236394,
0.0008360674734788821, 999999.0, 999999.0, 999999.0, 999999.0, 999999.0,
999999.0, 999999.0, 999999.0, 999999.0, 0.0009458009047474057],
      [0.0006486306273544413, 999999.0, 999999.0, 999999.0, 999999.0, 999999.0,
999999.0, 0.0, 999999.0, 999999.0, 999999.0, 999999.0, 999999.0,
0.00024225537222012292, 999999.0, 999999.0, 999999.0, 999999.0, 999999.0,
999999.0, 999999.0, 999999.0, 999999.0, 999999.0, 0.0006438630040287793,
999999.0, 999999.0, 999999.0, 999999.0, 999999.0, 999999.0, 999999.0,
0.0005739538763800018, 999999.0, 999999.0, 999999.0, 999999.0, 999999.0,
0.000818017812603998, 0.0005413534844906191, 999999.0, 999999.0, 999999.0,
0.0005794392399787381, 999999.0, 999999.0, 999999.0, 999999.0, 999999.0,
0.00020231253819506074],
      [0.00044537274681126407, 999999.0, 999999.0, 999999.0, 0.0004212735879432029,
999999.0, 999999.0, 999999.0, 0.0, 999999.0, 999999.0, 999999.0, 999999.0,
999999.0, 999999.0, 999999.0, 999999.0, 999999.0, 999999.0, 999999.0, 999999.0,
999999.0, 999999.0, 999999.0, 0.0007461103063691898, 999999.0, 999999.0,
999999.0, 999999.0, 999999.0, 999999.0, 999999.0, 999999.0, 999999.0, 999999.0,
999999.0, 999999.0, 999999.0, 999999.0, 0.0006541705539557244, 999999.0,
999999.0, 999999.0, 999999.0, 999999.0, 999999.0, 999999.0, 999999.0, 999999.0,
999999.0],
      [0.0006455903045756799, 999999.0, 999999.0, 999999.0, 0.0009301796222550066,
999999.0, 999999.0, 999999.0, 999999.0, 0.0, 999999.0, 999999.0, 999999.0,
999999.0, 999999.0, 999999.0, 999999.0, 999999.0, 999999.0, 999999.0, 999999.0,
999999.0, 999999.0, 999999.0, 0.0008459423450770557, 999999.0, 999999.0,
999999.0, 999999.0, 999999.0, 999999.0, 999999.0, 0.0007647660184910193,
999999.0, 999999.0, 999999.0, 999999.0, 999999.0, 999999.0,
0.0006226576556100044, 999999.0, 999999.0, 999999.0, 0.0007052683636975421,
999999.0, 999999.0, 999999.0, 999999.0, 999999.0, 0.0006281489839386343],
      [999999.0, 999999.0, 999999.0, 999999.0, 0.0005982075421463289, 999999.0,
999999.0, 999999.0, 999999.0, 999999.0, 0.0, 999999.0, 999999.0,
0.0005694742631835225, 999999.0, 999999.0, 999999.0, 999999.0, 999999.0,
999999.0, 999999.0, 999999.0, 999999.0, 999999.0, 0.0007878584887287846,
999999.0, 999999.0, 999999.0, 999999.0, 999999.0, 999999.0, 999999.0, 999999.0,
999999.0, 999999.0, 999999.0, 999999.0, 999999.0, 0.0009006422639414476,
0.0004761013742733847, 999999.0, 999999.0, 999999.0, 0.000205886432655275,
999999.0, 999999.0, 999999.0, 999999.0, 999999.0, 0.0006762370736204963],
      [0.0008898748789480904, 999999.0, 999999.0, 999999.0, 0.000540011301596957,
999999.0, 999999.0, 999999.0, 999999.0, 999999.0, 999999.0, 0.0, 999999.0,
999999.0, 999999.0, 999999.0, 999999.0, 999999.0, 999999.0, 999999.0, 999999.0,
999999.0, 999999.0, 999999.0, 999999.0, 999999.0, 999999.0, 999999.0, 999999.0,
999999.0, 999999.0, 999999.0, 999999.0, 999999.0, 999999.0, 999999.0, 999999.0,
999999.0, 999999.0, 0.00045271417832845335, 999999.0, 999999.0, 999999.0,
0.0009254937542520003, 999999.0, 999999.0, 999999.0, 999999.0, 999999.0,
999999.0],
      [0.0005477332661702158, 999999.0, 999999.0, 999999.0, 0.00022768487880687793,
999999.0, 999999.0, 999999.0, 999999.0, 999999.0, 999999.0, 999999.0, 0.0,
0.0005233514933578857, 999999.0, 999999.0, 999999.0, 999999.0, 999999.0,
999999.0, 999999.0, 999999.0, 999999.0, 999999.0, 0.0008085831633971917,
999999.0, 999999.0, 999999.0, 999999.0, 999999.0, 999999.0, 999999.0, 999999.0,
999999.0, 999999.0, 999999.0, 999999.0, 999999.0, 0.0009302513149209124,
0.0007118831015794164, 999999.0, 999999.0, 999999.0, 0.0007171152134733692,
999999.0, 999999.0, 999999.0, 999999.0, 999999.0, 999999.0],
      [0.003747922447604408, 0.0009151000876669387, 0.000788567739703502,
0.0006330381258769927, 0.0027404331586788895, 999999.0, 0.0008377499329656514,
0.00024225537222012292, 999999.0, 999999.0, 0.0005694742631835225, 999999.0,
0.0005233514933578857, 0.0, 999999.0, 0.0009419163391600567,
0.0002145669092622783, 0.0005532345284371538, 0.0007318791084875486,
0.0005468572017737135, 0.0007921809970398515, 0.0008288276171223245,
0.0007578537149398831, 0.0007759060935772969, 0.002113909437260521, 999999.0,
0.00024028316044407615, 999999.0, 0.0016005619638646187, 0.0004248725325687274,
0.0002701131918493456, 999999.0, 0.004220392765743349, 0.0005914557552534847,
0.007923293057602997, 999999.0, 0.0005587703444593394, 999999.0, 999999.0,
999999.0, 999999.0, 0.00020805108598892028, 0.0005217826084271631, 999999.0,
0.00027032731633769064, 999999.0, 0.0004612539212066857, 999999.0,
0.00042114088440725253, 999999.0],
      [0.0002167841811713122, 999999.0, 999999.0, 999999.0, 999999.0, 999999.0,
999999.0, 999999.0, 999999.0, 999999.0, 999999.0, 999999.0, 999999.0, 999999.0,
0.0, 999999.0, 999999.0, 999999.0, 999999.0, 999999.0, 999999.0, 999999.0,
999999.0, 999999.0, 999999.0, 999999.0, 999999.0, 999999.0, 999999.0, 999999.0,
999999.0, 999999.0, 0.00026672147042235904, 999999.0, 999999.0, 999999.0,
999999.0, 999999.0, 0.00027576143021411516, 0.0006563353724770208, 999999.0,
999999.0, 999999.0, 0.0005610088942972713, 999999.0, 999999.0, 999999.0,
999999.0, 999999.0, 0.0008465845443957007],
      [0.0006019376188955314, 999999.0, 999999.0, 999999.0, 0.00032255339398735896,
999999.0, 999999.0, 999999.0, 999999.0, 999999.0, 999999.0, 999999.0, 999999.0,
0.0009419163391600567, 999999.0, 0.0, 999999.0, 999999.0, 999999.0, 999999.0,
999999.0, 999999.0, 999999.0, 999999.0, 0.0005066633625984634, 999999.0,
999999.0, 999999.0, 999999.0, 999999.0, 999999.0, 999999.0,
0.0008849684741608746, 999999.0, 999999.0, 999999.0, 999999.0, 999999.0,
0.0007996934430380447, 999999.0, 999999.0, 999999.0, 999999.0, 999999.0,
999999.0, 999999.0, 999999.0, 999999.0, 999999.0, 999999.0],
      [0.00038158194553149704, 999999.0, 999999.0, 999999.0, 0.000545829301066621,
999999.0, 999999.0, 999999.0, 999999.0, 999999.0, 999999.0, 999999.0, 999999.0,
0.0002145669092622783, 999999.0, 999999.0, 0.0, 999999.0, 999999.0, 999999.0,
999999.0, 999999.0, 999999.0, 999999.0, 0.0009427916871544705, 999999.0,
999999.0, 999999.0, 999999.0, 999999.0, 999999.0, 999999.0,
0.0008396806767029649, 999999.0, 999999.0, 999999.0, 999999.0, 999999.0,
0.00043002136107213643, 0.0005630378661278913, 999999.0, 999999.0, 999999.0,
0.0007892526037814441, 999999.0, 999999.0, 999999.0, 999999.0, 999999.0,
0.0009877289356509315],
      [0.0002948231116625686, 999999.0, 999999.0, 999999.0, 0.00032548877286992737,
999999.0, 999999.0, 999999.0, 999999.0, 999999.0, 999999.0, 999999.0, 999999.0,
0.0005532345284371538, 999999.0, 999999.0, 999999.0, 0.0, 999999.0, 999999.0,
999999.0, 999999.0, 999999.0, 999999.0, 0.0007017739524163132, 999999.0,
999999.0, 999999.0, 999999.0, 999999.0, 999999.0, 999999.0,
0.00022718435229068126, 999999.0, 999999.0, 999999.0, 999999.0, 999999.0,
0.0008659494863546236, 999999.0, 999999.0, 999999.0, 999999.0,
0.0009447306700310562, 999999.0, 999999.0, 999999.0, 999999.0, 999999.0,
0.0006183730344200172],
      [999999.0, 999999.0, 999999.0, 999999.0, 0.0009047308142222447, 999999.0,
999999.0, 999999.0, 999999.0, 999999.0, 999999.0, 999999.0, 999999.0,
0.0007318791084875486, 999999.0, 999999.0, 999999.0, 999999.0, 0.0, 999999.0,
999999.0, 999999.0, 999999.0, 999999.0, 0.0009075683896660688, 999999.0,
999999.0, 999999.0, 999999.0, 999999.0, 999999.0, 999999.0, 999999.0, 999999.0,
999999.0, 999999.0, 999999.0, 999999.0, 0.0009088396485696196,
0.0003024091579623305, 999999.0, 999999.0, 999999.0, 0.0007429040162326291,
999999.0, 999999.0, 999999.0, 999999.0, 999999.0, 0.00034473217403814104],
      [0.0005821455767791013, 999999.0, 999999.0, 999999.0, 0.0006860789544681072,
999999.0, 999999.0, 999999.0, 999999.0, 999999.0, 999999.0, 999999.0, 999999.0,
0.0005468572017737135, 999999.0, 999999.0, 999999.0, 999999.0, 999999.0, 0.0,
999999.0, 999999.0, 999999.0, 999999.0, 0.0009039744391275329, 999999.0,
999999.0, 999999.0, 999999.0, 999999.0, 999999.0, 999999.0, 999999.0, 999999.0,
999999.0, 999999.0, 999999.0, 999999.0, 999999.0, 999999.0, 999999.0, 999999.0,
999999.0, 0.0009401419096291563, 999999.0, 999999.0, 999999.0, 999999.0,
999999.0, 0.0004797245052888233],
      [999999.0, 999999.0, 999999.0, 999999.0, 0.0008274494176075102, 999999.0,
999999.0, 999999.0, 999999.0, 999999.0, 999999.0, 999999.0, 999999.0,
0.0007921809970398515, 999999.0, 999999.0, 999999.0, 999999.0, 999999.0,
999999.0, 0.0, 999999.0, 999999.0, 999999.0, 0.00036952607992829143, 999999.0,
999999.0, 999999.0, 999999.0, 999999.0, 999999.0, 999999.0, 999999.0, 999999.0,
999999.0, 999999.0, 999999.0, 999999.0, 999999.0, 0.0008390672085236402,
999999.0, 999999.0, 999999.0, 999999.0, 999999.0, 999999.0, 999999.0, 999999.0,
999999.0, 0.00024015230362775669],
      [0.0004130332680864142, 999999.0, 999999.0, 999999.0, 0.0009596488996562529,
999999.0, 999999.0, 999999.0, 999999.0, 999999.0, 999999.0, 999999.0, 999999.0,
0.0008288276171223245, 999999.0, 999999.0, 999999.0, 999999.0, 999999.0,
999999.0, 999999.0, 0.0, 999999.0, 999999.0, 0.0007394184417580049, 999999.0,
999999.0, 999999.0, 999999.0, 999999.0, 999999.0, 999999.0,
0.0005942128737305162, 999999.0, 999999.0, 999999.0, 999999.0, 999999.0,
0.000514573921245656, 999999.0, 999999.0, 999999.0, 999999.0,
0.0004244482830008723, 999999.0, 999999.0, 999999.0, 999999.0, 999999.0,
999999.0],
      [999999.0, 999999.0, 999999.0, 999999.0, 999999.0, 999999.0, 999999.0, 999999.0,
999999.0, 999999.0, 999999.0, 999999.0, 999999.0, 0.0007578537149398831,
999999.0, 999999.0, 999999.0, 999999.0, 999999.0, 999999.0, 999999.0, 999999.0,
0.0, 999999.0, 0.0009265827818897728, 999999.0, 999999.0, 999999.0, 999999.0,
999999.0, 999999.0, 999999.0, 0.0008107193881712148, 999999.0, 999999.0,
999999.0, 999999.0, 999999.0, 0.0004413339881259516, 0.0007085692037216113,
999999.0, 999999.0, 999999.0, 999999.0, 999999.0, 999999.0, 999999.0, 999999.0,
999999.0, 999999.0],
      [0.0009269974819162379, 999999.0, 999999.0, 999999.0, 999999.0, 999999.0,
999999.0, 999999.0, 999999.0, 999999.0, 999999.0, 999999.0, 999999.0,
0.0007759060935772969, 999999.0, 999999.0, 999999.0, 999999.0, 999999.0,
999999.0, 999999.0, 999999.0, 999999.0, 0.0, 0.000685748522933338, 999999.0,
999999.0, 999999.0, 999999.0, 999999.0, 999999.0, 999999.0,
0.0008535199404860653, 999999.0, 999999.0, 999999.0, 999999.0, 999999.0,
0.0006567451166137878, 999999.0, 999999.0, 999999.0, 999999.0,
0.0007904081679978112, 999999.0, 999999.0, 999999.0, 999999.0, 999999.0,
0.0007978338534974849],
      [0.0007524544251700845, 999999.0, 0.0009015061831521486, 0.00022928065311752298,
999999.0, 999999.0, 0.0007656387519064769, 0.0006438630040287793,
0.0007461103063691898, 0.0008459423450770557, 0.0007878584887287846, 999999.0,
0.0008085831633971917, 0.002113909437260521, 999999.0, 0.0005066633625984634,
0.0009427916871544705, 0.0007017739524163132, 0.0009075683896660688,
0.0009039744391275329, 0.00036952607992829143, 0.0007394184417580049,
0.0009265827818897728, 0.000685748522933338, 0.0, 999999.0,
0.00029834111651360295, 0.0002647691342658181, 0.003200582176017004, 999999.0,
0.00021264789630949226, 0.00023029808614242564, 999999.0,
0.0008176612765998415, 0.0031803627556640547, 0.0007267908694794462,
0.0006057834590322651, 0.004251527374803539, 0.003558627598570148, 999999.0,
0.0008433049221454913, 999999.0, 0.0003362791143415423, 0.003984939421147504,
0.00023544596358469346, 0.0006160264028603218, 0.0008367057928137376,
0.0009576783245546941, 0.0009887436150490005, 999999.0],
      [0.0007919038172895041, 999999.0, 999999.0, 999999.0, 999999.0, 999999.0,
999999.0, 999999.0, 999999.0, 999999.0, 999999.0, 999999.0, 999999.0, 999999.0,
999999.0, 999999.0, 999999.0, 999999.0, 999999.0, 999999.0, 999999.0, 999999.0,
999999.0, 999999.0, 999999.0, 0.0, 999999.0, 999999.0, 999999.0, 999999.0,
999999.0, 999999.0, 999999.0, 999999.0, 999999.0, 999999.0, 999999.0, 999999.0,
0.0006291707103477861, 0.0006536184382463291, 999999.0, 999999.0, 999999.0,
999999.0, 999999.0, 999999.0, 999999.0, 999999.0, 999999.0,
0.00022993942214764653],
      [0.0008831680646599823, 999999.0, 999999.0, 999999.0, 0.00023624273724760168,
999999.0, 999999.0, 999999.0, 999999.0, 999999.0, 999999.0, 999999.0, 999999.0,
0.00024028316044407615, 999999.0, 999999.0, 999999.0, 999999.0, 999999.0,
999999.0, 999999.0, 999999.0, 999999.0, 999999.0, 0.00029834111651360295,
999999.0, 0.0, 999999.0, 999999.0, 999999.0, 999999.0, 999999.0,
0.0007030921118971777, 999999.0, 999999.0, 999999.0, 999999.0, 999999.0,
0.000636744558484342, 0.0002888284133509566, 999999.0, 999999.0, 999999.0,
0.0009191674093173385, 999999.0, 999999.0, 999999.0, 999999.0, 999999.0,
999999.0],
      [999999.0, 999999.0, 999999.0, 999999.0, 0.0007262097165838544, 999999.0,
999999.0, 999999.0, 999999.0, 999999.0, 999999.0, 999999.0, 999999.0, 999999.0,
999999.0, 999999.0, 999999.0, 999999.0, 999999.0, 999999.0, 999999.0, 999999.0,
999999.0, 999999.0, 0.0002647691342658181, 999999.0, 999999.0, 0.0, 999999.0,
999999.0, 999999.0, 999999.0, 0.0002396247786619969, 999999.0, 999999.0,
999999.0, 999999.0, 999999.0, 0.00033289020293893233, 999999.0, 999999.0,
999999.0, 999999.0, 0.0002799683151372905, 999999.0, 999999.0, 999999.0,
999999.0, 999999.0, 0.0006140332654738759],
      [0.008033754468555938, 999999.0, 999999.0, 999999.0, 0.007913836250631405,
999999.0, 999999.0, 999999.0, 999999.0, 999999.0, 999999.0, 999999.0, 999999.0,
0.0016005619638646187, 999999.0, 999999.0, 999999.0, 999999.0, 999999.0,
999999.0, 999999.0, 999999.0, 999999.0, 999999.0, 0.003200582176017004,
999999.0, 999999.0, 999999.0, 0.0, 999999.0, 999999.0, 999999.0,
0.00341614023153604, 999999.0, 999999.0, 999999.0, 999999.0, 999999.0,
0.0015602323012054832, 0.009709455408084596, 999999.0, 999999.0, 999999.0,
0.0015968463486891447, 999999.0, 999999.0, 999999.0, 999999.0, 999999.0,
0.007097730743386007],
      [0.0002092311597015569, 999999.0, 999999.0, 999999.0, 999999.0, 999999.0,
999999.0, 999999.0, 999999.0, 999999.0, 999999.0, 999999.0, 999999.0,
0.0004248725325687274, 999999.0, 999999.0, 999999.0, 999999.0, 999999.0,
999999.0, 999999.0, 999999.0, 999999.0, 999999.0, 999999.0, 999999.0, 999999.0,
999999.0, 999999.0, 0.0, 999999.0, 999999.0, 0.0006900616470721521, 999999.0,
999999.0, 999999.0, 999999.0, 999999.0, 0.0006782403113542002, 999999.0,
999999.0, 999999.0, 999999.0, 999999.0, 999999.0, 999999.0, 999999.0, 999999.0,
999999.0, 999999.0],
      [0.000868052219730222, 999999.0, 999999.0, 999999.0, 0.000368424676012268,
999999.0, 999999.0, 999999.0, 999999.0, 999999.0, 999999.0, 999999.0, 999999.0,
0.0002701131918493456, 999999.0, 999999.0, 999999.0, 999999.0, 999999.0,
999999.0, 999999.0, 999999.0, 999999.0, 999999.0, 0.00021264789630949226,
999999.0, 999999.0, 999999.0, 999999.0, 999999.0, 0.0, 999999.0,
0.0009376071860620957, 999999.0, 999999.0, 999999.0, 999999.0, 999999.0,
0.0005908324200719986, 0.000660411839642242, 999999.0, 999999.0, 999999.0,
0.0008627353882035165, 999999.0, 999999.0, 999999.0, 999999.0, 999999.0,
0.0009032769913828567],
      [0.0009523790740816628, 999999.0, 999999.0, 999999.0, 999999.0, 999999.0,
999999.0, 999999.0, 999999.0, 999999.0, 999999.0, 999999.0, 999999.0, 999999.0,
999999.0, 999999.0, 999999.0, 999999.0, 999999.0, 999999.0, 999999.0, 999999.0,
999999.0, 999999.0, 0.00023029808614242564, 999999.0, 999999.0, 999999.0,
999999.0, 999999.0, 999999.0, 0.0, 999999.0, 999999.0, 999999.0, 999999.0,
999999.0, 999999.0, 999999.0, 0.0008856474316727094, 999999.0, 999999.0,
999999.0, 0.0008323906390559015, 999999.0, 999999.0, 999999.0, 999999.0,
999999.0, 0.0003843820240101427],
      [0.004974234227952096, 0.00030766115943735804, 0.0007485766655398485, 999999.0,
0.0037380152244435075, 0.0002359655881487887, 0.0006513450228330677,
0.0005739538763800018, 999999.0, 0.0007647660184910193, 999999.0, 999999.0,
999999.0, 0.004220392765743349, 0.00026672147042235904, 0.0008849684741608746,
0.0008396806767029649, 0.00022718435229068126, 999999.0, 999999.0, 999999.0,
0.0005942128737305162, 0.0008107193881712148, 0.0008535199404860653, 999999.0,
999999.0, 0.0007030921118971777, 0.0002396247786619969, 0.00341614023153604,
0.0006900616470721521, 0.0009376071860620957, 999999.0, 0.0,
0.000719627628711975, 0.005256038932409431, 0.00020835064446203557, 999999.0,
0.006691740023674066, 0.0007799043022066546, 999999.0, 0.0005067934489669968,
999999.0, 0.0008837645230830016, 999999.0, 999999.0, 0.0007326052570257026,
999999.0, 0.0009609143673112991, 0.0006197087051978195, 999999.0],
      [0.00044774047536540944, 999999.0, 999999.0, 999999.0, 0.0002367869305154427,
999999.0, 999999.0, 999999.0, 999999.0, 999999.0, 999999.0, 999999.0, 999999.0,
0.0005914557552534847, 999999.0, 999999.0, 999999.0, 999999.0, 999999.0,
999999.0, 999999.0, 999999.0, 999999.0, 999999.0, 0.0008176612765998415,
999999.0, 999999.0, 999999.0, 999999.0, 999999.0, 999999.0, 999999.0,
0.000719627628711975, 0.0, 999999.0, 999999.0, 999999.0, 999999.0,
0.000955028777803453, 999999.0, 999999.0, 999999.0, 999999.0,
0.0006395371597153417, 999999.0, 999999.0, 999999.0, 999999.0, 999999.0,
0.000252006758816014],
      [0.006752071584304939, 999999.0, 999999.0, 999999.0, 0.009619486031580492,
999999.0, 999999.0, 999999.0, 999999.0, 999999.0, 999999.0, 999999.0, 999999.0,
0.007923293057602997, 999999.0, 999999.0, 999999.0, 999999.0, 999999.0,
999999.0, 999999.0, 999999.0, 999999.0, 999999.0, 0.0031803627556640547,
999999.0, 999999.0, 999999.0, 999999.0, 999999.0, 999999.0, 999999.0,
0.005256038932409431, 999999.0, 0.0, 999999.0, 999999.0, 999999.0,
0.001527159108304592, 0.006077937333476415, 999999.0, 999999.0, 999999.0,
999999.0, 999999.0, 999999.0, 999999.0, 999999.0, 999999.0,
0.005031460745104749],
      [0.000843958677509026, 999999.0, 999999.0, 999999.0, 0.00023381496231487242,
999999.0, 999999.0, 999999.0, 999999.0, 999999.0, 999999.0, 999999.0, 999999.0,
999999.0, 999999.0, 999999.0, 999999.0, 999999.0, 999999.0, 999999.0, 999999.0,
999999.0, 999999.0, 999999.0, 0.0007267908694794462, 999999.0, 999999.0,
999999.0, 999999.0, 999999.0, 999999.0, 999999.0, 0.00020835064446203557,
999999.0, 999999.0, 0.0, 999999.0, 999999.0, 0.000723905816456827, 999999.0,
999999.0, 999999.0, 999999.0, 0.0003662398981261876, 999999.0, 999999.0,
999999.0, 999999.0, 999999.0, 0.0005853977966494292],
      [999999.0, 999999.0, 999999.0, 999999.0, 0.000985308460916142, 999999.0,
999999.0, 999999.0, 999999.0, 999999.0, 999999.0, 999999.0, 999999.0,
0.0005587703444593394, 999999.0, 999999.0, 999999.0, 999999.0, 999999.0,
999999.0, 999999.0, 999999.0, 999999.0, 999999.0, 0.0006057834590322651,
999999.0, 999999.0, 999999.0, 999999.0, 999999.0, 999999.0, 999999.0, 999999.0,
999999.0, 999999.0, 999999.0, 0.0, 999999.0, 999999.0, 0.00039197934199544806,
999999.0, 999999.0, 999999.0, 999999.0, 999999.0, 999999.0, 999999.0, 999999.0,
999999.0, 999999.0],
      [999999.0, 999999.0, 999999.0, 999999.0, 0.0028159048363734047, 999999.0,
999999.0, 999999.0, 999999.0, 999999.0, 999999.0, 999999.0, 999999.0, 999999.0,
999999.0, 999999.0, 999999.0, 999999.0, 999999.0, 999999.0, 999999.0, 999999.0,
999999.0, 999999.0, 0.004251527374803539, 999999.0, 999999.0, 999999.0,
999999.0, 999999.0, 999999.0, 999999.0, 0.006691740023674066, 999999.0,
999999.0, 999999.0, 999999.0, 0.0, 0.004443080833650942, 0.0056608541870350505,
999999.0, 999999.0, 999999.0, 0.008382312868392233, 999999.0, 999999.0,
999999.0, 999999.0, 999999.0, 0.007951478168462797],
      [0.0006773095682636439, 999999.0, 999999.0, 999999.0, 999999.0,
0.0006419148489385813, 0.00027595278198236394, 0.000818017812603998, 999999.0,
999999.0, 0.0009006422639414476, 999999.0, 0.0009302513149209124, 999999.0,
0.00027576143021411516, 0.0007996934430380447, 0.00043002136107213643,
0.0008659494863546236, 0.0009088396485696196, 999999.0, 999999.0,
0.000514573921245656, 0.0004413339881259516, 0.0006567451166137878,
0.003558627598570148, 0.0006291707103477861, 0.000636744558484342,
0.00033289020293893233, 0.0015602323012054832, 0.0006782403113542002,
0.0005908324200719986, 999999.0, 0.0007799043022066546, 0.000955028777803453,
0.001527159108304592, 0.000723905816456827, 999999.0, 0.004443080833650942,
0.0, 999999.0, 999999.0, 999999.0, 0.0008993473913129752, 999999.0,
0.0006912750369921506, 0.00044661312989384026, 0.0009302389806019274,
0.0009558094003555738, 0.000616776015820321, 999999.0],
      [0.002706720628273616, 0.0005936589683031837, 0.0007646926382256427,
0.0009386200904048935, 999999.0, 999999.0, 0.0008360674734788821,
0.0005413534844906191, 0.0006541705539557244, 0.0006226576556100044,
0.0004761013742733847, 0.00045271417832845335, 0.0007118831015794164, 999999.0,
0.0006563353724770208, 999999.0, 0.0005630378661278913, 999999.0,
0.0003024091579623305, 999999.0, 0.0008390672085236402, 999999.0,
0.0007085692037216113, 999999.0, 999999.0, 0.0006536184382463291,
0.0002888284133509566, 999999.0, 0.009709455408084596, 999999.0,
0.000660411839642242, 0.0008856474316727094, 999999.0, 999999.0,
0.006077937333476415, 999999.0, 0.00039197934199544806, 0.0056608541870350505,
999999.0, 0.0, 0.0006413872032458573, 999999.0, 999999.0, 0.004568032236738543,
0.000810262705402814, 999999.0, 0.0008885651350229324, 0.0007097047607679273,
999999.0, 0.0009395478113269592],
      [999999.0, 999999.0, 999999.0, 999999.0, 0.0006860136896621694, 999999.0,
999999.0, 999999.0, 999999.0, 999999.0, 999999.0, 999999.0, 999999.0, 999999.0,
999999.0, 999999.0, 999999.0, 999999.0, 999999.0, 999999.0, 999999.0, 999999.0,
999999.0, 999999.0, 0.0008433049221454913, 999999.0, 999999.0, 999999.0,
999999.0, 999999.0, 999999.0, 999999.0, 0.0005067934489669968, 999999.0,
999999.0, 999999.0, 999999.0, 999999.0, 999999.0, 0.0006413872032458573, 0.0,
999999.0, 999999.0, 0.0007133837163989079, 999999.0, 999999.0, 999999.0,
999999.0, 999999.0, 999999.0],
      [0.0006537348231424435, 999999.0, 999999.0, 999999.0, 0.00034130189323191846,
999999.0, 999999.0, 999999.0, 999999.0, 999999.0, 999999.0, 999999.0, 999999.0,
0.00020805108598892028, 999999.0, 999999.0, 999999.0, 999999.0, 999999.0,
999999.0, 999999.0, 999999.0, 999999.0, 999999.0, 999999.0, 999999.0, 999999.0,
999999.0, 999999.0, 999999.0, 999999.0, 999999.0, 999999.0, 999999.0, 999999.0,
999999.0, 999999.0, 999999.0, 999999.0, 999999.0, 999999.0, 0.0, 999999.0,
0.0006968779146653282, 999999.0, 999999.0, 999999.0, 999999.0, 999999.0,
0.0006829928885057765],
      [0.0007067006251041181, 999999.0, 999999.0, 999999.0, 999999.0, 999999.0,
999999.0, 999999.0, 999999.0, 999999.0, 999999.0, 999999.0, 999999.0,
0.0005217826084271631, 999999.0, 999999.0, 999999.0, 999999.0, 999999.0,
999999.0, 999999.0, 999999.0, 999999.0, 999999.0, 0.0003362791143415423,
999999.0, 999999.0, 999999.0, 999999.0, 999999.0, 999999.0, 999999.0,
0.0008837645230830016, 999999.0, 999999.0, 999999.0, 999999.0, 999999.0,
0.0008993473913129752, 999999.0, 999999.0, 999999.0, 0.0, 999999.0, 999999.0,
999999.0, 999999.0, 999999.0, 999999.0, 999999.0],
      [0.0031555321721014173, 0.0004563197353186704, 0.00037409281624889375,
0.000535759778280235, 999999.0, 0.0009291497606660241, 999999.0,
0.0005794392399787381, 999999.0, 0.0007052683636975421, 0.000205886432655275,
0.0009254937542520003, 0.0007171152134733692, 999999.0, 0.0005610088942972713,
999999.0, 0.0007892526037814441, 0.0009447306700310562, 0.0007429040162326291,
0.0009401419096291563, 999999.0, 0.0004244482830008723, 999999.0,
0.0007904081679978112, 0.003984939421147504, 999999.0, 0.0009191674093173385,
0.0002799683151372905, 0.0015968463486891447, 999999.0, 0.0008627353882035165,
0.0008323906390559015, 999999.0, 0.0006395371597153417, 999999.0,
0.0003662398981261876, 999999.0, 0.008382312868392233, 999999.0,
0.004568032236738543, 0.0007133837163989079, 0.0006968779146653282, 999999.0,
0.0, 0.0006696802472013551, 0.0006150824436149012, 999999.0, 999999.0,
0.0009304249257776482, 999999.0],
      [0.00022326773942925941, 999999.0, 999999.0, 999999.0, 0.0004789789057826672,
999999.0, 999999.0, 999999.0, 999999.0, 999999.0, 999999.0, 999999.0, 999999.0,
0.00027032731633769064, 999999.0, 999999.0, 999999.0, 999999.0, 999999.0,
999999.0, 999999.0, 999999.0, 999999.0, 999999.0, 0.00023544596358469346,
999999.0, 999999.0, 999999.0, 999999.0, 999999.0, 999999.0, 999999.0, 999999.0,
999999.0, 999999.0, 999999.0, 999999.0, 999999.0, 0.0006912750369921506,
0.000810262705402814, 999999.0, 999999.0, 999999.0, 0.0006696802472013551, 0.0,
999999.0, 999999.0, 999999.0, 999999.0, 0.00048695901332999794],
      [0.0006763251101434131, 999999.0, 999999.0, 999999.0, 0.0006306199089453929,
999999.0, 999999.0, 999999.0, 999999.0, 999999.0, 999999.0, 999999.0, 999999.0,
999999.0, 999999.0, 999999.0, 999999.0, 999999.0, 999999.0, 999999.0, 999999.0,
999999.0, 999999.0, 999999.0, 0.0006160264028603218, 999999.0, 999999.0,
999999.0, 999999.0, 999999.0, 999999.0, 999999.0, 0.0007326052570257026,
999999.0, 999999.0, 999999.0, 999999.0, 999999.0, 0.00044661312989384026,
999999.0, 999999.0, 999999.0, 999999.0, 0.0006150824436149012, 999999.0, 0.0,
999999.0, 999999.0, 999999.0, 0.0007400289133312282],
      [999999.0, 999999.0, 999999.0, 999999.0, 0.0009827517404671798, 999999.0,
999999.0, 999999.0, 999999.0, 999999.0, 999999.0, 999999.0, 999999.0,
0.0004612539212066857, 999999.0, 999999.0, 999999.0, 999999.0, 999999.0,
999999.0, 999999.0, 999999.0, 999999.0, 999999.0, 0.0008367057928137376,
999999.0, 999999.0, 999999.0, 999999.0, 999999.0, 999999.0, 999999.0, 999999.0,
999999.0, 999999.0, 999999.0, 999999.0, 999999.0, 0.0009302389806019274,
0.0008885651350229324, 999999.0, 999999.0, 999999.0, 999999.0, 999999.0,
999999.0, 0.0, 999999.0, 999999.0, 0.00020584408132763219],
      [0.0006518393952654071, 999999.0, 999999.0, 999999.0, 0.0009337968636051909,
999999.0, 999999.0, 999999.0, 999999.0, 999999.0, 999999.0, 999999.0, 999999.0,
999999.0, 999999.0, 999999.0, 999999.0, 999999.0, 999999.0, 999999.0, 999999.0,
999999.0, 999999.0, 999999.0, 0.0009576783245546941, 999999.0, 999999.0,
999999.0, 999999.0, 999999.0, 999999.0, 999999.0, 0.0009609143673112991,
999999.0, 999999.0, 999999.0, 999999.0, 999999.0, 0.0009558094003555738,
0.0007097047607679273, 999999.0, 999999.0, 999999.0, 999999.0, 999999.0,
999999.0, 999999.0, 0.0, 999999.0, 0.0002743246811815227],
      [999999.0, 999999.0, 999999.0, 999999.0, 999999.0, 999999.0, 999999.0, 999999.0,
999999.0, 999999.0, 999999.0, 999999.0, 999999.0, 0.00042114088440725253,
999999.0, 999999.0, 999999.0, 999999.0, 999999.0, 999999.0, 999999.0, 999999.0,
999999.0, 999999.0, 0.0009887436150490005, 999999.0, 999999.0, 999999.0,
999999.0, 999999.0, 999999.0, 999999.0, 0.0006197087051978195, 999999.0,
999999.0, 999999.0, 999999.0, 999999.0, 0.000616776015820321, 999999.0,
999999.0, 999999.0, 999999.0, 0.0009304249257776482, 999999.0, 999999.0,
999999.0, 999999.0, 0.0, 0.0006655566021705702],
      [999999.0, 999999.0, 999999.0, 0.00045936299250258267, 0.0011784629498200396,
0.0007402855690862316, 0.0009458009047474057, 0.00020231253819506074, 999999.0,
0.0006281489839386343, 0.0006762370736204963, 999999.0, 999999.0, 999999.0,
0.0008465845443957007, 999999.0, 0.0009877289356509315, 0.0006183730344200172,
0.00034473217403814104, 0.0004797245052888233, 0.00024015230362775669,
999999.0, 999999.0, 0.0007978338534974849, 999999.0, 0.00022993942214764653,
999999.0, 0.0006140332654738759, 0.007097730743386007, 999999.0,
0.0009032769913828567, 0.0003843820240101427, 999999.0, 0.000252006758816014,
0.005031460745104749, 0.0005853977966494292, 999999.0, 0.007951478168462797,
999999.0, 0.0009395478113269592, 999999.0, 0.0006829928885057765, 999999.0,
999999.0, 0.00048695901332999794, 0.0007400289133312282,
0.00020584408132763219, 0.0002743246811815227, 0.0006655566021705702, 0.0]
    ],
    "bandwidth_matrix": [
      [999999.0, 50.0, 0.0, 0.0, 246.0, 14.0, 0.0, 36.0, 25.0, 17.0, 0.0, 90.0, 98.0,
378.0, 83.0, 99.0, 50.0, 61.0, 0.0, 49.0, 0.0, 17.0, 0.0, 48.0, 445.0, 51.0,
49.0, 0.0, 565.0, 38.0, 69.0, 84.0, 364.0, 54.0, 613.0, 37.0, 0.0, 0.0, 222.0,
298.0, 0.0, 59.0, 48.0, 439.0, 65.0, 98.0, 0.0, 97.0, 0.0, 0.0],
      [50.0, 999999.0, 0.0, 0.0, 0.0, 0.0, 0.0, 0.0, 0.0, 0.0, 0.0, 0.0, 0.0, 36.0,
0.0, 0.0, 0.0, 0.0, 0.0, 0.0, 0.0, 0.0, 0.0, 0.0, 0.0, 0.0, 0.0, 0.0, 0.0, 0.0,
0.0, 0.0, 14.0, 0.0, 0.0, 0.0, 0.0, 0.0, 0.0, 63.0, 0.0, 0.0, 0.0, 39.0, 0.0,
0.0, 0.0, 0.0, 0.0, 0.0],
      [0.0, 0.0, 999999.0, 0.0, 38.0, 0.0, 0.0, 0.0, 0.0, 0.0, 0.0, 0.0, 0.0, 39.0,
0.0, 0.0, 0.0, 0.0, 0.0, 0.0, 0.0, 0.0, 0.0, 0.0, 44.0, 0.0, 0.0, 0.0, 0.0,
0.0, 0.0, 0.0, 24.0, 0.0, 0.0, 0.0, 0.0, 0.0, 0.0, 33.0, 0.0, 0.0, 0.0, 34.0,
0.0, 0.0, 0.0, 0.0, 0.0, 0.0],
      [0.0, 0.0, 0.0, 999999.0, 61.0, 0.0, 0.0, 0.0, 0.0, 0.0, 0.0, 0.0, 0.0, 72.0,
0.0, 0.0, 0.0, 0.0, 0.0, 0.0, 0.0, 0.0, 0.0, 0.0, 70.0, 0.0, 0.0, 0.0, 0.0,
0.0, 0.0, 0.0, 0.0, 0.0, 0.0, 0.0, 0.0, 0.0, 0.0, 31.0, 0.0, 0.0, 0.0, 73.0,
0.0, 0.0, 0.0, 0.0, 0.0, 12.0],
      [246.0, 0.0, 38.0, 61.0, 999999.0, 76.0, 0.0, 0.0, 63.0, 88.0, 15.0, 44.0, 94.0,
279.0, 0.0, 44.0, 14.0, 41.0, 95.0, 23.0, 79.0, 79.0, 0.0, 0.0, 0.0, 0.0, 51.0,
34.0, 778.0, 0.0, 76.0, 0.0, 474.0, 24.0, 681.0, 24.0, 22.0, 689.0, 0.0, 0.0,
61.0, 44.0, 0.0, 0.0, 30.0, 15.0, 67.0, 88.0, 0.0, 399.0],
      [14.0, 0.0, 0.0, 0.0, 76.0, 999999.0, 0.0, 0.0, 0.0, 0.0, 0.0, 0.0, 0.0, 0.0,
0.0, 0.0, 0.0, 0.0, 0.0, 0.0, 0.0, 0.0, 0.0, 0.0, 0.0, 0.0, 0.0, 0.0, 0.0, 0.0,
0.0, 0.0, 31.0, 0.0, 0.0, 0.0, 0.0, 0.0, 60.0, 0.0, 0.0, 0.0, 0.0, 24.0, 0.0,
0.0, 0.0, 0.0, 0.0, 79.0],
      [0.0, 0.0, 0.0, 0.0, 0.0, 0.0, 999999.0, 0.0, 0.0, 0.0, 0.0, 0.0, 0.0, 93.0,
0.0, 0.0, 0.0, 0.0, 0.0, 0.0, 0.0, 0.0, 0.0, 0.0, 100.0, 0.0, 0.0, 0.0, 0.0,
0.0, 0.0, 0.0, 66.0, 0.0, 0.0, 0.0, 0.0, 0.0, 100.0, 41.0, 0.0, 0.0, 0.0, 0.0,
0.0, 0.0, 0.0, 0.0, 0.0, 82.0],
      [36.0, 0.0, 0.0, 0.0, 0.0, 0.0, 0.0, 999999.0, 0.0, 0.0, 0.0, 0.0, 0.0, 81.0,
0.0, 0.0, 0.0, 0.0, 0.0, 0.0, 0.0, 0.0, 0.0, 0.0, 19.0, 0.0, 0.0, 0.0, 0.0,
0.0, 0.0, 0.0, 51.0, 0.0, 0.0, 0.0, 0.0, 0.0, 23.0, 83.0, 0.0, 0.0, 0.0, 42.0,
0.0, 0.0, 0.0, 0.0, 0.0, 59.0],
      [25.0, 0.0, 0.0, 0.0, 63.0, 0.0, 0.0, 0.0, 999999.0, 0.0, 0.0, 0.0, 0.0, 0.0,
0.0, 0.0, 0.0, 0.0, 0.0, 0.0, 0.0, 0.0, 0.0, 0.0, 34.0, 0.0, 0.0, 0.0, 0.0,
0.0, 0.0, 0.0, 0.0, 0.0, 0.0, 0.0, 0.0, 0.0, 0.0, 93.0, 0.0, 0.0, 0.0, 0.0,
0.0, 0.0, 0.0, 0.0, 0.0, 0.0],
      [17.0, 0.0, 0.0, 0.0, 88.0, 0.0, 0.0, 0.0, 0.0, 999999.0, 0.0, 0.0, 0.0, 0.0,
0.0, 0.0, 0.0, 0.0, 0.0, 0.0, 0.0, 0.0, 0.0, 0.0, 46.0, 0.0, 0.0, 0.0, 0.0,
0.0, 0.0, 0.0, 72.0, 0.0, 0.0, 0.0, 0.0, 0.0, 0.0, 80.0, 0.0, 0.0, 0.0, 36.0,
0.0, 0.0, 0.0, 0.0, 0.0, 75.0],
      [0.0, 0.0, 0.0, 0.0, 15.0, 0.0, 0.0, 0.0, 0.0, 0.0, 999999.0, 0.0, 0.0, 41.0,
0.0, 0.0, 0.0, 0.0, 0.0, 0.0, 0.0, 0.0, 0.0, 0.0, 24.0, 0.0, 0.0, 0.0, 0.0,
0.0, 0.0, 0.0, 0.0, 0.0, 0.0, 0.0, 0.0, 0.0, 18.0, 96.0, 0.0, 0.0, 0.0, 73.0,
0.0, 0.0, 0.0, 0.0, 0.0, 29.0],
      [90.0, 0.0, 0.0, 0.0, 44.0, 0.0, 0.0, 0.0, 0.0, 0.0, 0.0, 999999.0, 0.0, 0.0,
0.0, 0.0, 0.0, 0.0, 0.0, 0.0, 0.0, 0.0, 0.0, 0.0, 0.0, 0.0, 0.0, 0.0, 0.0, 0.0,
0.0, 0.0, 0.0, 0.0, 0.0, 0.0, 0.0, 0.0, 0.0, 72.0, 0.0, 0.0, 0.0, 57.0, 0.0,
0.0, 0.0, 0.0, 0.0, 0.0],
      [98.0, 0.0, 0.0, 0.0, 94.0, 0.0, 0.0, 0.0, 0.0, 0.0, 0.0, 0.0, 999999.0, 45.0,
0.0, 0.0, 0.0, 0.0, 0.0, 0.0, 0.0, 0.0, 0.0, 0.0, 90.0, 0.0, 0.0, 0.0, 0.0,
0.0, 0.0, 0.0, 0.0, 0.0, 0.0, 0.0, 0.0, 0.0, 97.0, 18.0, 0.0, 0.0, 0.0, 54.0,
0.0, 0.0, 0.0, 0.0, 0.0, 0.0],
      [378.0, 36.0, 39.0, 72.0, 279.0, 0.0, 93.0, 81.0, 0.0, 0.0, 41.0, 0.0, 45.0,
999999.0, 0.0, 24.0, 52.0, 92.0, 96.0, 82.0, 76.0, 72.0, 91.0, 96.0, 268.0,
0.0, 39.0, 0.0, 502.0, 28.0, 56.0, 0.0, 275.0, 92.0, 531.0, 0.0, 81.0, 0.0,
0.0, 0.0, 0.0, 62.0, 31.0, 0.0, 78.0, 0.0, 74.0, 0.0, 61.0, 0.0],
      [83.0, 0.0, 0.0, 0.0, 0.0, 0.0, 0.0, 0.0, 0.0, 0.0, 0.0, 0.0, 0.0, 0.0,
999999.0, 0.0, 0.0, 0.0, 0.0, 0.0, 0.0, 0.0, 0.0, 0.0, 0.0, 0.0, 0.0, 0.0, 0.0,
0.0, 0.0, 0.0, 20.0, 0.0, 0.0, 0.0, 0.0, 0.0, 61.0, 76.0, 0.0, 0.0, 0.0, 21.0,
0.0, 0.0, 0.0, 0.0, 0.0, 69.0],
      [99.0, 0.0, 0.0, 0.0, 44.0, 0.0, 0.0, 0.0, 0.0, 0.0, 0.0, 0.0, 0.0, 24.0, 0.0,
999999.0, 0.0, 0.0, 0.0, 0.0, 0.0, 0.0, 0.0, 0.0, 27.0, 0.0, 0.0, 0.0, 0.0,
0.0, 0.0, 0.0, 18.0, 0.0, 0.0, 0.0, 0.0, 0.0, 38.0, 0.0, 0.0, 0.0, 0.0, 0.0,
0.0, 0.0, 0.0, 0.0, 0.0, 0.0],
      [50.0, 0.0, 0.0, 0.0, 14.0, 0.0, 0.0, 0.0, 0.0, 0.0, 0.0, 0.0, 0.0, 52.0, 0.0,
0.0, 999999.0, 0.0, 0.0, 0.0, 0.0, 0.0, 0.0, 0.0, 70.0, 0.0, 0.0, 0.0, 0.0,
0.0, 0.0, 0.0, 91.0, 0.0, 0.0, 0.0, 0.0, 0.0, 77.0, 100.0, 0.0, 0.0, 0.0, 33.0,
0.0, 0.0, 0.0, 0.0, 0.0, 37.0],
      [61.0, 0.0, 0.0, 0.0, 41.0, 0.0, 0.0, 0.0, 0.0, 0.0, 0.0, 0.0, 0.0, 92.0, 0.0,
0.0, 0.0, 999999.0, 0.0, 0.0, 0.0, 0.0, 0.0, 0.0, 98.0, 0.0, 0.0, 0.0, 0.0,
0.0, 0.0, 0.0, 80.0, 0.0, 0.0, 0.0, 0.0, 0.0, 36.0, 0.0, 0.0, 0.0, 0.0, 63.0,
0.0, 0.0, 0.0, 0.0, 0.0, 77.0],
      [0.0, 0.0, 0.0, 0.0, 95.0, 0.0, 0.0, 0.0, 0.0, 0.0, 0.0, 0.0, 0.0, 96.0, 0.0,
0.0, 0.0, 0.0, 999999.0, 0.0, 0.0, 0.0, 0.0, 0.0, 76.0, 0.0, 0.0, 0.0, 0.0,
0.0, 0.0, 0.0, 0.0, 0.0, 0.0, 0.0, 0.0, 0.0, 79.0, 95.0, 0.0, 0.0, 0.0, 35.0,
0.0, 0.0, 0.0, 0.0, 0.0, 43.0],
      [49.0, 0.0, 0.0, 0.0, 23.0, 0.0, 0.0, 0.0, 0.0, 0.0, 0.0, 0.0, 0.0, 82.0, 0.0,
0.0, 0.0, 0.0, 0.0, 999999.0, 0.0, 0.0, 0.0, 0.0, 38.0, 0.0, 0.0, 0.0, 0.0,
0.0, 0.0, 0.0, 0.0, 0.0, 0.0, 0.0, 0.0, 0.0, 0.0, 0.0, 0.0, 0.0, 0.0, 46.0,
0.0, 0.0, 0.0, 0.0, 0.0, 91.0],
      [0.0, 0.0, 0.0, 0.0, 79.0, 0.0, 0.0, 0.0, 0.0, 0.0, 0.0, 0.0, 0.0, 76.0, 0.0,
0.0, 0.0, 0.0, 0.0, 0.0, 999999.0, 0.0, 0.0, 0.0, 92.0, 0.0, 0.0, 0.0, 0.0,
0.0, 0.0, 0.0, 0.0, 0.0, 0.0, 0.0, 0.0, 0.0, 0.0, 59.0, 0.0, 0.0, 0.0, 0.0,
0.0, 0.0, 0.0, 0.0, 0.0, 60.0],
      [17.0, 0.0, 0.0, 0.0, 79.0, 0.0, 0.0, 0.0, 0.0, 0.0, 0.0, 0.0, 0.0, 72.0, 0.0,
0.0, 0.0, 0.0, 0.0, 0.0, 0.0, 999999.0, 0.0, 0.0, 10.0, 0.0, 0.0, 0.0, 0.0,
0.0, 0.0, 0.0, 75.0, 0.0, 0.0, 0.0, 0.0, 0.0, 44.0, 0.0, 0.0, 0.0, 0.0, 77.0,
0.0, 0.0, 0.0, 0.0, 0.0, 0.0],
      [0.0, 0.0, 0.0, 0.0, 0.0, 0.0, 0.0, 0.0, 0.0, 0.0, 0.0, 0.0, 0.0, 91.0, 0.0,
0.0, 0.0, 0.0, 0.0, 0.0, 0.0, 0.0, 999999.0, 0.0, 91.0, 0.0, 0.0, 0.0, 0.0,
0.0, 0.0, 0.0, 68.0, 0.0, 0.0, 0.0, 0.0, 0.0, 16.0, 67.0, 0.0, 0.0, 0.0, 0.0,
0.0, 0.0, 0.0, 0.0, 0.0, 0.0],
      [48.0, 0.0, 0.0, 0.0, 0.0, 0.0, 0.0, 0.0, 0.0, 0.0, 0.0, 0.0, 0.0, 96.0, 0.0,
0.0, 0.0, 0.0, 0.0, 0.0, 0.0, 0.0, 0.0, 999999.0, 70.0, 0.0, 0.0, 0.0, 0.0,
0.0, 0.0, 0.0, 36.0, 0.0, 0.0, 0.0, 0.0, 0.0, 78.0, 0.0, 0.0, 0.0, 0.0, 50.0,
0.0, 0.0, 0.0, 0.0, 0.0, 95.0],
