{
    "compute_power": [788.6052187531355, 2771.1769584612084, 945.9106774599414, 258.4575514506366,
756.5458140649016, 574.6641889362985, 578.434465223497, 817.3487641724242,
2596.551945518355, 165.1436267891312, 773.5203765811289, 2726.3983683226556,
4575.888502221729, 125.60854317337467, 2325.0544326118597, 650.4761588264021,
320.20419247327675, 304.1869803485765, 578.0765767372889, 380.85245746992905,
868.662733971687, 999.7534468625796, 364.8489581416311, 167.95362831637738,
232.105161994192, 845.635392875332, 591.0642798772578, 607.5791997811436,
906.3236164566712, 100.30380275799486, 9531.953548266893, 975.5814415329671,
593.0702874832346, 630.1978184669659, 598.7002291835674, 1615.1118130180625,
4668.777834882556, 4302.5317294403285, 562.6684168108891, 376.2601429910633,
1098.0098100077637, 908.3059595248727, 466.98749973357803, 129.8340781414764,
286.2795180401778, 6067.051892854982, 668.8486441904141, 869.2661323810012,
962.5582515312889, 236.03831032372094],
    "latency_matrix": [
      [0.0, 0.000948399580373127, 999999.0, 999999.0, 999999.0, 999999.0, 999999.0,
999999.0, 999999.0, 999999.0, 999999.0, 0.00045206704294304247, 999999.0,
999999.0, 0.0007028165121070522, 999999.0, 999999.0, 999999.0, 999999.0,
999999.0, 999999.0, 999999.0, 999999.0, 999999.0, 999999.0, 999999.0, 999999.0,
999999.0, 999999.0, 999999.0, 999999.0, 999999.0, 999999.0, 999999.0, 999999.0,
0.0009573991112748841, 0.0005606388020045833, 0.0006079762348725297, 999999.0,
999999.0, 0.00045225392460560574, 999999.0, 999999.0, 999999.0, 999999.0,
999999.0, 999999.0, 999999.0, 999999.0, 999999.0],
      [0.000948399580373127, 0.0, 999999.0, 0.0007910736033179819,
0.0007118296209237253, 0.00047983760486647114, 0.0004060885087221154,
0.0007273135095737113, 999999.0, 0.0005920716899141245, 0.00045673586847825133,
999999.0, 999999.0, 0.0008564699312289915, 999999.0, 0.0009264515693593317,
999999.0, 0.0009685143612131647, 0.0009676386722261225, 0.00034812182999422825,
0.00024116122997338866, 0.0009872479410362055, 0.0006091245644892092,
0.0008532718892824092, 999999.0, 999999.0, 0.0008145649121312755,
0.000491831808943493, 0.0005208237472539687, 999999.0, 0.002981269162122607,
0.0003280298573655753, 0.0008556510574917291, 999999.0, 0.00028849209764525224,
0.001628816701158592, 999999.0, 999999.0, 0.0009225719282838742,
0.0007550505076885179, 999999.0, 999999.0, 999999.0, 0.0009897103640277194,
0.00052074958404094, 999999.0, 0.0008712980943892335, 0.0002597312188629589,
0.00026861174775112115, 0.0004387821888344237],
      [999999.0, 999999.0, 0.0, 999999.0, 999999.0, 999999.0, 999999.0, 999999.0,
999999.0, 999999.0, 999999.0, 0.0006139847724170923, 0.00025332355492687573,
999999.0, 0.0006057658580172381, 999999.0, 999999.0, 999999.0, 999999.0,
999999.0, 999999.0, 999999.0, 999999.0, 999999.0, 999999.0, 999999.0, 999999.0,
999999.0, 999999.0, 999999.0, 999999.0, 999999.0, 999999.0, 999999.0, 999999.0,
0.0006941568995553228, 0.0008231650866778425, 999999.0, 999999.0, 999999.0,
0.00038256824022505807, 999999.0, 999999.0, 999999.0, 999999.0, 999999.0,
999999.0, 999999.0, 999999.0, 999999.0],
      [999999.0, 0.0007910736033179819, 999999.0, 0.0, 999999.0, 999999.0, 999999.0,
999999.0, 0.0007590141148204625, 999999.0, 999999.0, 0.0003467118398097546,
999999.0, 999999.0, 0.0008829443921207247, 999999.0, 999999.0, 999999.0,
999999.0, 999999.0, 999999.0, 999999.0, 999999.0, 999999.0, 999999.0, 999999.0,
999999.0, 999999.0, 999999.0, 999999.0, 999999.0, 999999.0, 999999.0, 999999.0,
999999.0, 999999.0, 0.0007494193052743602, 999999.0, 999999.0, 999999.0,
999999.0, 999999.0, 999999.0, 999999.0, 999999.0, 999999.0, 999999.0, 999999.0,
999999.0, 999999.0],
      [999999.0, 0.0007118296209237253, 999999.0, 999999.0, 0.0, 999999.0, 999999.0,
999999.0, 0.0006677435602726376, 999999.0, 999999.0, 0.0007330891449327112,
0.0007427243963584965, 999999.0, 0.0009217690803901341, 999999.0, 999999.0,
999999.0, 999999.0, 999999.0, 999999.0, 999999.0, 999999.0, 999999.0, 999999.0,
999999.0, 999999.0, 999999.0, 999999.0, 999999.0, 999999.0, 999999.0, 999999.0,
999999.0, 999999.0, 0.00021874587985232222, 999999.0, 999999.0, 999999.0,
999999.0, 0.0006425259837464246, 999999.0, 999999.0, 999999.0, 999999.0,
999999.0, 999999.0, 999999.0, 999999.0, 999999.0],
      [999999.0, 0.00047983760486647114, 999999.0, 999999.0, 999999.0, 0.0, 999999.0,
999999.0, 0.0008630637148545719, 999999.0, 999999.0, 999999.0, 999999.0,
999999.0, 0.00027999528594413155, 999999.0, 999999.0, 999999.0, 999999.0,
999999.0, 999999.0, 999999.0, 999999.0, 999999.0, 999999.0, 999999.0, 999999.0,
999999.0, 999999.0, 999999.0, 999999.0, 999999.0, 999999.0, 999999.0, 999999.0,
0.0006349071941969379, 0.00046930444071997595, 999999.0, 999999.0, 999999.0,
0.0008567962517894482, 999999.0, 999999.0, 999999.0, 999999.0, 999999.0,
999999.0, 999999.0, 999999.0, 999999.0],
      [999999.0, 0.0004060885087221154, 999999.0, 999999.0, 999999.0, 999999.0, 0.0,
999999.0, 0.0002009265286916821, 999999.0, 999999.0, 999999.0,
0.00040447337058558894, 999999.0, 0.000974367563241397, 999999.0, 999999.0,
999999.0, 999999.0, 999999.0, 999999.0, 999999.0, 999999.0, 999999.0, 999999.0,
999999.0, 999999.0, 999999.0, 999999.0, 999999.0, 999999.0, 999999.0, 999999.0,
999999.0, 999999.0, 0.0005481990816434283, 999999.0, 0.000993384686389119,
999999.0, 999999.0, 0.0007176041968718752, 999999.0, 999999.0, 999999.0,
999999.0, 999999.0, 999999.0, 999999.0, 999999.0, 999999.0],
      [999999.0, 0.0007273135095737113, 999999.0, 999999.0, 999999.0, 999999.0,
999999.0, 0.0, 0.0003478103828513697, 999999.0, 999999.0, 0.00099076159661366,
999999.0, 999999.0, 0.0002952563147869785, 999999.0, 999999.0, 999999.0,
999999.0, 999999.0, 999999.0, 999999.0, 999999.0, 999999.0, 999999.0, 999999.0,
999999.0, 999999.0, 999999.0, 999999.0, 999999.0, 999999.0, 999999.0, 999999.0,
999999.0, 999999.0, 0.0005351143408850471, 0.0005001285651313324, 999999.0,
999999.0, 999999.0, 999999.0, 999999.0, 999999.0, 999999.0, 999999.0, 999999.0,
999999.0, 999999.0, 999999.0],
      [999999.0, 999999.0, 999999.0, 0.0007590141148204625, 0.0006677435602726376,
0.0008630637148545719, 0.0002009265286916821, 0.0003478103828513697, 0.0,
0.0009156152564245735, 0.0004510886226728125, 999999.0, 0.002445473417618643,
0.0007610912593475089, 999999.0, 999999.0, 0.0009368542803183739,
0.0006777665706168663, 0.0004148540783762268, 0.00047920288847178353,
0.0002878356271083188, 999999.0, 0.0004675362078620473, 0.0006741626972556596,
0.0005857329919594852, 0.0005180443638031906, 0.0003155511267406167,
0.000732598054410085, 0.0006047194875452007, 0.000554486091875883,
0.0031485207353634252, 0.0005266842269620612, 0.0009048096072269171, 999999.0,
0.0003701461994122452, 999999.0, 999999.0, 0.0037530900817850047,
0.0009253873355924207, 0.00023882496779404274, 999999.0, 0.0008486973204408941,
0.0002459149541918714, 0.0007652216947327722, 0.00047507073005939983,
0.005703750696160259, 0.0007383535246859694, 0.0008035836673451876,
0.0003373996449641868, 0.0009311263676354794],
      [999999.0, 0.0005920716899141245, 999999.0, 999999.0, 999999.0, 999999.0,
999999.0, 999999.0, 0.0009156152564245735, 0.0, 999999.0,
0.00048129411866485046, 0.0008576010095797162, 999999.0, 0.0009776396100126953,
999999.0, 999999.0, 999999.0, 999999.0, 999999.0, 999999.0, 999999.0, 999999.0,
999999.0, 999999.0, 999999.0, 999999.0, 999999.0, 999999.0, 999999.0, 999999.0,
999999.0, 999999.0, 999999.0, 999999.0, 0.00031139980086194454,
0.0009202619708664089, 999999.0, 999999.0, 999999.0, 0.000241293449423162,
999999.0, 999999.0, 999999.0, 999999.0, 999999.0, 999999.0, 999999.0, 999999.0,
999999.0],
      [999999.0, 0.00045673586847825133, 999999.0, 999999.0, 999999.0, 999999.0,
999999.0, 999999.0, 0.0004510886226728125, 999999.0, 0.0,
0.00033362214164752975, 0.00037537130895049387, 999999.0,
0.00045104249705912413, 999999.0, 999999.0, 999999.0, 999999.0, 999999.0,
999999.0, 999999.0, 999999.0, 999999.0, 999999.0, 999999.0, 999999.0, 999999.0,
999999.0, 999999.0, 999999.0, 999999.0, 999999.0, 999999.0, 999999.0,
0.0005746269998381292, 0.000706885523657194, 0.0002948004045257743, 999999.0,
999999.0, 0.00032328488631779505, 999999.0, 999999.0, 999999.0, 999999.0,
999999.0, 999999.0, 999999.0, 999999.0, 999999.0],
      [0.00045206704294304247, 999999.0, 0.0006139847724170923, 0.0003467118398097546,
0.0007330891449327112, 999999.0, 999999.0, 0.00099076159661366, 999999.0,
0.00048129411866485046, 0.00033362214164752975, 0.0, 999999.0,
0.0005312398580698049, 999999.0, 0.00023376808368212362, 0.0006103735949609754,
0.000867364324968006, 999999.0, 0.0002779933208563069, 0.00040732674200164465,
0.0005053611175072195, 0.0006187855957416444, 999999.0, 0.0004802217384472791,
0.0006128517392587169, 0.0008942978789862895, 0.00020342240022108628,
0.00027338347667713936, 0.00034068384544257146, 0.0038397370048709432,
0.0004557243117624749, 0.0009754631884504561, 0.0009309609470683445,
0.0006985594023119517, 999999.0, 0.004409508548739295, 0.0029699845798555353,
0.0008085519614208512, 999999.0, 999999.0, 0.0009355284707430482, 999999.0,
999999.0, 0.0007108851025304924, 0.00576804082368783, 0.0004117746287926426,
0.0006931315364090937, 0.0009960641306096744, 0.0005946782584933406],
      [999999.0, 999999.0, 0.00025332355492687573, 999999.0, 0.0007427243963584965,
999999.0, 0.00040447337058558894, 999999.0, 0.002445473417618643,
0.0008576010095797162, 0.00037537130895049387, 999999.0, 0.0,
0.0005171526120895669, 0.0026209570560418926, 0.0007710455746553597,
0.00029674089719548336, 0.00042940794564176924, 999999.0,
0.0007476628365932522, 0.0008327579340389273, 0.0005773859601020397,
0.0005013133800446418, 999999.0, 0.0004947289276297511, 0.0007635142472113229,
0.00039438207230664465, 999999.0, 0.0006216620303456206, 999999.0, 999999.0,
999999.0, 0.0003686996279030823, 0.00027099715587761483, 999999.0, 999999.0,
0.0011721030848250045, 0.002951451685963383, 0.0009528037564664059,
0.0008355011455437152, 0.0018795256049550205, 0.0008209807041643541, 999999.0,
0.000551907256967271, 0.0006614603173985982, 999999.0, 0.0006454747811844268,
0.0006157217167173367, 999999.0, 0.0002961838823598365],
      [999999.0, 0.0008564699312289915, 999999.0, 999999.0, 999999.0, 999999.0,
999999.0, 999999.0, 0.0007610912593475089, 999999.0, 999999.0,
0.0005312398580698049, 0.0005171526120895669, 0.0, 0.0008551576442684087,
999999.0, 999999.0, 999999.0, 999999.0, 999999.0, 999999.0, 999999.0, 999999.0,
999999.0, 999999.0, 999999.0, 999999.0, 999999.0, 999999.0, 999999.0, 999999.0,
999999.0, 999999.0, 999999.0, 999999.0, 0.0008353805770722282,
0.000666673340431382, 0.0007152558923309662, 999999.0, 999999.0,
0.000895796404655724, 999999.0, 999999.0, 999999.0, 999999.0, 999999.0,
999999.0, 999999.0, 999999.0, 999999.0],
      [0.0007028165121070522, 999999.0, 0.0006057658580172381, 0.0008829443921207247,
0.0009217690803901341, 0.00027999528594413155, 0.000974367563241397,
0.0002952563147869785, 999999.0, 0.0009776396100126953, 0.00045104249705912413,
999999.0, 0.0026209570560418926, 0.0008551576442684087, 0.0,
0.0004535271533508365, 0.0008943444359205698, 0.00032801762721510413,
0.0002876348839426097, 0.0009507201576888769, 999999.0, 0.0005233664195918327,
0.0004743626629916482, 0.00036653400397741937, 0.0005483998098761507,
0.0008194329341738892, 0.000718951927758219, 0.0007284520157345078,
0.000677138956956915, 0.0005682359166379471, 0.0074200036221047155,
0.0005965104026751685, 0.0005819724939199813, 0.00045619890170829603,
0.0007362724338599654, 0.000992592569084844, 999999.0, 0.0022929354711801564,
999999.0, 0.00035497368577339366, 999999.0, 0.0004272735937055235,
0.0009632420930036379, 999999.0, 0.0008216315527133933, 0.0011346585545550293,
999999.0, 0.0005520481796189644, 999999.0, 0.0007563410202690014],
      [999999.0, 0.0009264515693593317, 999999.0, 999999.0, 999999.0, 999999.0,
999999.0, 999999.0, 999999.0, 999999.0, 999999.0, 0.00023376808368212362,
0.0007710455746553597, 999999.0, 0.0004535271533508365, 0.0, 999999.0,
999999.0, 999999.0, 999999.0, 999999.0, 999999.0, 999999.0, 999999.0, 999999.0,
999999.0, 999999.0, 999999.0, 999999.0, 999999.0, 999999.0, 999999.0, 999999.0,
999999.0, 999999.0, 0.0009264638741821191, 0.0006948218926172605,
0.0005698947948748571, 999999.0, 999999.0, 0.0002411196931628254, 999999.0,
999999.0, 999999.0, 999999.0, 999999.0, 999999.0, 999999.0, 999999.0, 999999.0],
      [999999.0, 999999.0, 999999.0, 999999.0, 999999.0, 999999.0, 999999.0, 999999.0,
0.0009368542803183739, 999999.0, 999999.0, 0.0006103735949609754,
0.00029674089719548336, 999999.0, 0.0008943444359205698, 999999.0, 0.0,
999999.0, 999999.0, 999999.0, 999999.0, 999999.0, 999999.0, 999999.0, 999999.0,
999999.0, 999999.0, 999999.0, 999999.0, 999999.0, 999999.0, 999999.0, 999999.0,
999999.0, 999999.0, 0.0009063650646097368, 0.00023044436512176383,
0.0003144696421426952, 999999.0, 999999.0, 0.0005964309072084297, 999999.0,
999999.0, 999999.0, 999999.0, 999999.0, 999999.0, 999999.0, 999999.0, 999999.0],
      [999999.0, 0.0009685143612131647, 999999.0, 999999.0, 999999.0, 999999.0,
999999.0, 999999.0, 0.0006777665706168663, 999999.0, 999999.0,
0.000867364324968006, 0.00042940794564176924, 999999.0, 0.00032801762721510413,
999999.0, 999999.0, 0.0, 999999.0, 999999.0, 999999.0, 999999.0, 999999.0,
999999.0, 999999.0, 999999.0, 999999.0, 999999.0, 999999.0, 999999.0, 999999.0,
999999.0, 999999.0, 999999.0, 999999.0, 999999.0, 0.0003596021692657287,
0.000601130361115103, 999999.0, 999999.0, 0.0004164034599595999, 999999.0,
999999.0, 999999.0, 999999.0, 999999.0, 999999.0, 999999.0, 999999.0, 999999.0],
      [999999.0, 0.0009676386722261225, 999999.0, 999999.0, 999999.0, 999999.0,
999999.0, 999999.0, 0.0004148540783762268, 999999.0, 999999.0, 999999.0,
999999.0, 999999.0, 0.0002876348839426097, 999999.0, 999999.0, 999999.0, 0.0,
999999.0, 999999.0, 999999.0, 999999.0, 999999.0, 999999.0, 999999.0, 999999.0,
999999.0, 999999.0, 999999.0, 999999.0, 999999.0, 999999.0, 999999.0, 999999.0,
999999.0, 0.00032627344419552473, 0.0003001977647838427, 999999.0, 999999.0,
0.0006716907475382027, 999999.0, 999999.0, 999999.0, 999999.0, 999999.0,
999999.0, 999999.0, 999999.0, 999999.0],
      [999999.0, 0.00034812182999422825, 999999.0, 999999.0, 999999.0, 999999.0,
999999.0, 999999.0, 0.00047920288847178353, 999999.0, 999999.0,
0.0002779933208563069, 0.0007476628365932522, 999999.0, 0.0009507201576888769,
999999.0, 999999.0, 999999.0, 999999.0, 0.0, 999999.0, 999999.0, 999999.0,
999999.0, 999999.0, 999999.0, 999999.0, 999999.0, 999999.0, 999999.0, 999999.0,
999999.0, 999999.0, 999999.0, 999999.0, 0.0008226324906571564,
0.0005486781394865508, 0.0009411373645831547, 999999.0, 999999.0, 999999.0,
999999.0, 999999.0, 999999.0, 999999.0, 999999.0, 999999.0, 999999.0, 999999.0,
999999.0],
      [999999.0, 0.00024116122997338866, 999999.0, 999999.0, 999999.0, 999999.0,
999999.0, 999999.0, 0.0002878356271083188, 999999.0, 999999.0,
0.00040732674200164465, 0.0008327579340389273, 999999.0, 999999.0, 999999.0,
999999.0, 999999.0, 999999.0, 999999.0, 0.0, 999999.0, 999999.0, 999999.0,
999999.0, 999999.0, 999999.0, 999999.0, 999999.0, 999999.0, 999999.0, 999999.0,
999999.0, 999999.0, 999999.0, 0.0003997475453196108, 0.00035350579864761126,
0.00027285372255258795, 999999.0, 999999.0, 0.00040009941003532384, 999999.0,
999999.0, 999999.0, 999999.0, 999999.0, 999999.0, 999999.0, 999999.0, 999999.0],
      [999999.0, 0.0009872479410362055, 999999.0, 999999.0, 999999.0, 999999.0,
999999.0, 999999.0, 999999.0, 999999.0, 999999.0, 0.0005053611175072195,
0.0005773859601020397, 999999.0, 0.0005233664195918327, 999999.0, 999999.0,
999999.0, 999999.0, 999999.0, 999999.0, 0.0, 999999.0, 999999.0, 999999.0,
999999.0, 999999.0, 999999.0, 999999.0, 999999.0, 999999.0, 999999.0, 999999.0,
999999.0, 999999.0, 0.000801113083669905, 0.0005353467047301808, 999999.0,
999999.0, 999999.0, 0.0002926399830626111, 999999.0, 999999.0, 999999.0,
999999.0, 999999.0, 999999.0, 999999.0, 999999.0, 999999.0],
      [999999.0, 0.0006091245644892092, 999999.0, 999999.0, 999999.0, 999999.0,
999999.0, 999999.0, 0.0004675362078620473, 999999.0, 999999.0,
0.0006187855957416444, 0.0005013133800446418, 999999.0, 0.0004743626629916482,
999999.0, 999999.0, 999999.0, 999999.0, 999999.0, 999999.0, 999999.0, 0.0,
999999.0, 999999.0, 999999.0, 999999.0, 999999.0, 999999.0, 999999.0, 999999.0,
999999.0, 999999.0, 999999.0, 999999.0, 0.0005454586159000404,
0.0005970774281309867, 0.0005710079408990714, 999999.0, 999999.0, 999999.0,
999999.0, 999999.0, 999999.0, 999999.0, 999999.0, 999999.0, 999999.0, 999999.0,
999999.0],
      [999999.0, 0.0008532718892824092, 999999.0, 999999.0, 999999.0, 999999.0,
999999.0, 999999.0, 0.0006741626972556596, 999999.0, 999999.0, 999999.0,
999999.0, 999999.0, 0.00036653400397741937, 999999.0, 999999.0, 999999.0,
999999.0, 999999.0, 999999.0, 999999.0, 999999.0, 0.0, 999999.0, 999999.0,
999999.0, 999999.0, 999999.0, 999999.0, 999999.0, 999999.0, 999999.0, 999999.0,
999999.0, 999999.0, 0.0002961745324720748, 0.00020770797801573107, 999999.0,
999999.0, 0.0002867478345885139, 999999.0, 999999.0, 999999.0, 999999.0,
999999.0, 999999.0, 999999.0, 999999.0, 999999.0],
      [999999.0, 999999.0, 999999.0, 999999.0, 999999.0, 999999.0, 999999.0, 999999.0,
0.0005857329919594852, 999999.0, 999999.0, 0.0004802217384472791,
0.0004947289276297511, 999999.0, 0.0005483998098761507, 999999.0, 999999.0,
999999.0, 999999.0, 999999.0, 999999.0, 999999.0, 999999.0, 999999.0, 0.0,
999999.0, 999999.0, 999999.0, 999999.0, 999999.0, 999999.0, 999999.0, 999999.0,
999999.0, 999999.0, 999999.0, 0.000931969683176574, 999999.0, 999999.0,
999999.0, 0.0005510986502633181, 999999.0, 999999.0, 999999.0, 999999.0,
999999.0, 999999.0, 999999.0, 999999.0, 999999.0],
      [999999.0, 999999.0, 999999.0, 999999.0, 999999.0, 999999.0, 999999.0, 999999.0,
0.0005180443638031906, 999999.0, 999999.0, 0.0006128517392587169,
0.0007635142472113229, 999999.0, 0.0008194329341738892, 999999.0, 999999.0,
999999.0, 999999.0, 999999.0, 999999.0, 999999.0, 999999.0, 999999.0, 999999.0,
0.0, 999999.0, 999999.0, 999999.0, 999999.0, 999999.0, 999999.0, 999999.0,
999999.0, 999999.0, 0.0005430886278624914, 999999.0, 0.0007927918642490333,
999999.0, 999999.0, 0.00064185595834904, 999999.0, 999999.0, 999999.0,
999999.0, 999999.0, 999999.0, 999999.0, 999999.0, 999999.0],
      [999999.0, 0.0008145649121312755, 999999.0, 999999.0, 999999.0, 999999.0,
999999.0, 999999.0, 0.0003155511267406167, 999999.0, 999999.0,
0.0008942978789862895, 0.00039438207230664465, 999999.0, 0.000718951927758219,
999999.0, 999999.0, 999999.0, 999999.0, 999999.0, 999999.0, 999999.0, 999999.0,
999999.0, 999999.0, 999999.0, 0.0, 999999.0, 999999.0, 999999.0, 999999.0,
999999.0, 999999.0, 999999.0, 999999.0, 999999.0, 0.0008092415668149326,
0.00027030562440138073, 999999.0, 999999.0, 0.0008107960034955135, 999999.0,
999999.0, 999999.0, 999999.0, 999999.0, 999999.0, 999999.0, 999999.0, 999999.0],
      [999999.0, 0.000491831808943493, 999999.0, 999999.0, 999999.0, 999999.0,
999999.0, 999999.0, 0.000732598054410085, 999999.0, 999999.0,
0.00020342240022108628, 999999.0, 999999.0, 0.0007284520157345078, 999999.0,
999999.0, 999999.0, 999999.0, 999999.0, 999999.0, 999999.0, 999999.0, 999999.0,
999999.0, 999999.0, 999999.0, 0.0, 999999.0, 999999.0, 999999.0, 999999.0,
999999.0, 999999.0, 999999.0, 0.0005875294669851589, 0.0006839304455673492,
0.0003974859580713728, 999999.0, 999999.0, 0.0003671829607076343, 999999.0,
999999.0, 999999.0, 999999.0, 999999.0, 999999.0, 999999.0, 999999.0, 999999.0],
      [999999.0, 0.0005208237472539687, 999999.0, 999999.0, 999999.0, 999999.0,
999999.0, 999999.0, 0.0006047194875452007, 999999.0, 999999.0,
0.00027338347667713936, 0.0006216620303456206, 999999.0, 0.000677138956956915,
999999.0, 999999.0, 999999.0, 999999.0, 999999.0, 999999.0, 999999.0, 999999.0,
999999.0, 999999.0, 999999.0, 999999.0, 999999.0, 0.0, 999999.0, 999999.0,
999999.0, 999999.0, 999999.0, 999999.0, 0.0004973376164819402,
0.00043192296990975055, 999999.0, 999999.0, 999999.0, 0.00022533697948506895,
999999.0, 999999.0, 999999.0, 999999.0, 999999.0, 999999.0, 999999.0, 999999.0,
999999.0],
      [999999.0, 999999.0, 999999.0, 999999.0, 999999.0, 999999.0, 999999.0, 999999.0,
0.000554486091875883, 999999.0, 999999.0, 0.00034068384544257146, 999999.0,
999999.0, 0.0005682359166379471, 999999.0, 999999.0, 999999.0, 999999.0,
999999.0, 999999.0, 999999.0, 999999.0, 999999.0, 999999.0, 999999.0, 999999.0,
999999.0, 999999.0, 0.0, 999999.0, 999999.0, 999999.0, 999999.0, 999999.0,
999999.0, 0.00033166355222728, 999999.0, 999999.0, 999999.0, 999999.0,
999999.0, 999999.0, 999999.0, 999999.0, 999999.0, 999999.0, 999999.0, 999999.0,
999999.0],
      [999999.0, 0.002981269162122607, 999999.0, 999999.0, 999999.0, 999999.0,
999999.0, 999999.0, 0.0031485207353634252, 999999.0, 999999.0,
0.0038397370048709432, 999999.0, 999999.0, 0.0074200036221047155, 999999.0,
999999.0, 999999.0, 999999.0, 999999.0, 999999.0, 999999.0, 999999.0, 999999.0,
999999.0, 999999.0, 999999.0, 999999.0, 999999.0, 999999.0, 0.0, 999999.0,
999999.0, 999999.0, 999999.0, 0.0024496245635408976, 0.0028916737735795936,
0.0028845082140846463, 999999.0, 999999.0, 0.006419040601702296, 999999.0,
999999.0, 999999.0, 999999.0, 999999.0, 999999.0, 999999.0, 999999.0, 999999.0],
      [999999.0, 0.0003280298573655753, 999999.0, 999999.0, 999999.0, 999999.0,
999999.0, 999999.0, 0.0005266842269620612, 999999.0, 999999.0,
0.0004557243117624749, 999999.0, 999999.0, 0.0005965104026751685, 999999.0,
999999.0, 999999.0, 999999.0, 999999.0, 999999.0, 999999.0, 999999.0, 999999.0,
999999.0, 999999.0, 999999.0, 999999.0, 999999.0, 999999.0, 999999.0, 0.0,
999999.0, 999999.0, 999999.0, 0.0008850810584658918, 0.00036942756605742085,
0.00033772487279843354, 999999.0, 999999.0, 0.0007013684994537476, 999999.0,
999999.0, 999999.0, 999999.0, 999999.0, 999999.0, 999999.0, 999999.0, 999999.0],
      [999999.0, 0.0008556510574917291, 999999.0, 999999.0, 999999.0, 999999.0,
999999.0, 999999.0, 0.0009048096072269171, 999999.0, 999999.0,
0.0009754631884504561, 0.0003686996279030823, 999999.0, 0.0005819724939199813,
999999.0, 999999.0, 999999.0, 999999.0, 999999.0, 999999.0, 999999.0, 999999.0,
999999.0, 999999.0, 999999.0, 999999.0, 999999.0, 999999.0, 999999.0, 999999.0,
999999.0, 0.0, 999999.0, 999999.0, 0.000292535524411403, 999999.0,
0.0007515106213876332, 999999.0, 999999.0, 0.00042018446916189866, 999999.0,
999999.0, 999999.0, 999999.0, 999999.0, 999999.0, 999999.0, 999999.0, 999999.0],
      [999999.0, 999999.0, 999999.0, 999999.0, 999999.0, 999999.0, 999999.0, 999999.0,
999999.0, 999999.0, 999999.0, 0.0009309609470683445, 0.00027099715587761483,
999999.0, 0.00045619890170829603, 999999.0, 999999.0, 999999.0, 999999.0,
999999.0, 999999.0, 999999.0, 999999.0, 999999.0, 999999.0, 999999.0, 999999.0,
999999.0, 999999.0, 999999.0, 999999.0, 999999.0, 999999.0, 0.0, 999999.0,
0.000491967636033861, 0.00046332313616073196, 999999.0, 999999.0, 999999.0,
0.00042198607428311564, 999999.0, 999999.0, 999999.0, 999999.0, 999999.0,
999999.0, 999999.0, 999999.0, 999999.0],
      [999999.0, 0.00028849209764525224, 999999.0, 999999.0, 999999.0, 999999.0,
999999.0, 999999.0, 0.0003701461994122452, 999999.0, 999999.0,
0.0006985594023119517, 999999.0, 999999.0, 0.0007362724338599654, 999999.0,
999999.0, 999999.0, 999999.0, 999999.0, 999999.0, 999999.0, 999999.0, 999999.0,
999999.0, 999999.0, 999999.0, 999999.0, 999999.0, 999999.0, 999999.0, 999999.0,
999999.0, 999999.0, 0.0, 0.000310829407057003, 0.0008132233849750848, 999999.0,
999999.0, 999999.0, 0.00021198387070981228, 999999.0, 999999.0, 999999.0,
999999.0, 999999.0, 999999.0, 999999.0, 999999.0, 999999.0],
      [0.0009573991112748841, 0.001628816701158592, 0.0006941568995553228, 999999.0,
0.00021874587985232222, 0.0006349071941969379, 0.0005481990816434283, 999999.0,
999999.0, 0.00031139980086194454, 0.0005746269998381292, 999999.0, 999999.0,
0.0008353805770722282, 0.000992592569084844, 0.0009264638741821191,
0.0009063650646097368, 999999.0, 999999.0, 0.0008226324906571564,
0.0003997475453196108, 0.000801113083669905, 0.0005454586159000404, 999999.0,
999999.0, 0.0005430886278624914, 999999.0, 0.0005875294669851589,
0.0004973376164819402, 999999.0, 0.0024496245635408976, 0.0008850810584658918,
0.000292535524411403, 0.000491967636033861, 0.000310829407057003, 0.0,
0.004880815512750086, 999999.0, 0.00022566256405746277, 0.0004560774534451826,
999999.0, 999999.0, 999999.0, 0.00032547084021514845, 0.000640582874324246,
0.005211900441333365, 0.00024321427510773922, 0.000722578625099371,
0.0007816499490341719, 0.0004271468094411855],
      [0.0005606388020045833, 999999.0, 0.0008231650866778425, 0.0007494193052743602,
999999.0, 0.00046930444071997595, 999999.0, 0.0005351143408850471, 999999.0,
0.0009202619708664089, 0.000706885523657194, 0.004409508548739295,
0.0011721030848250045, 0.000666673340431382, 999999.0, 0.0006948218926172605,
0.00023044436512176383, 0.0003596021692657287, 0.00032627344419552473,
0.0005486781394865508, 0.00035350579864761126, 0.0005353467047301808,
0.0005970774281309867, 0.0002961745324720748, 0.000931969683176574, 999999.0,
0.0008092415668149326, 0.0006839304455673492, 0.00043192296990975055,
0.00033166355222728, 0.0028916737735795936, 0.00036942756605742085, 999999.0,
0.00046332313616073196, 0.0008132233849750848, 0.004880815512750086, 0.0,
0.004345538409795624, 0.0008636827909805851, 0.0005440798123180779, 999999.0,
999999.0, 999999.0, 0.0009329816827084917, 999999.0, 0.00438222232478397,
999999.0, 0.0006221081648154057, 999999.0, 0.0008240893569224404],
      [0.0006079762348725297, 999999.0, 999999.0, 999999.0, 999999.0, 999999.0,
0.000993384686389119, 0.0005001285651313324, 0.0037530900817850047, 999999.0,
0.0002948004045257743, 0.0029699845798555353, 0.002951451685963383,
0.0007152558923309662, 0.0022929354711801564, 0.0005698947948748571,
0.0003144696421426952, 0.000601130361115103, 0.0003001977647838427,
0.0009411373645831547, 0.00027285372255258795, 999999.0, 0.0005710079408990714,
0.00020770797801573107, 999999.0, 0.0007927918642490333,
0.00027030562440138073, 0.0003974859580713728, 999999.0, 999999.0,
0.0028845082140846463, 0.00033772487279843354, 0.0007515106213876332, 999999.0,
999999.0, 999999.0, 0.004345538409795624, 0.0, 999999.0, 0.0006758870271348288,
0.002957232608957626, 0.0008301696400786777, 0.0008055074247187864,
0.00020351445082243542, 0.0004198360583847584, 999999.0, 0.0008127584998152345,
0.000526430130345923, 999999.0, 0.0004679851544337187],
      [999999.0, 0.0009225719282838742, 999999.0, 999999.0, 999999.0, 999999.0,
999999.0, 999999.0, 0.0009253873355924207, 999999.0, 999999.0,
0.0008085519614208512, 0.0009528037564664059, 999999.0, 999999.0, 999999.0,
999999.0, 999999.0, 999999.0, 999999.0, 999999.0, 999999.0, 999999.0, 999999.0,
999999.0, 999999.0, 999999.0, 999999.0, 999999.0, 999999.0, 999999.0, 999999.0,
999999.0, 999999.0, 999999.0, 0.00022566256405746277, 0.0008636827909805851,
999999.0, 0.0, 999999.0, 0.00021586752456613764, 999999.0, 999999.0, 999999.0,
999999.0, 999999.0, 999999.0, 999999.0, 999999.0, 999999.0],
      [999999.0, 0.0007550505076885179, 999999.0, 999999.0, 999999.0, 999999.0,
999999.0, 999999.0, 0.00023882496779404274, 999999.0, 999999.0, 999999.0,
0.0008355011455437152, 999999.0, 0.00035497368577339366, 999999.0, 999999.0,
999999.0, 999999.0, 999999.0, 999999.0, 999999.0, 999999.0, 999999.0, 999999.0,
999999.0, 999999.0, 999999.0, 999999.0, 999999.0, 999999.0, 999999.0, 999999.0,
999999.0, 999999.0, 0.0004560774534451826, 0.0005440798123180779,
0.0006758870271348288, 999999.0, 0.0, 0.0009539979983206438, 999999.0,
999999.0, 999999.0, 999999.0, 999999.0, 999999.0, 999999.0, 999999.0, 999999.0],
      [0.00045225392460560574, 999999.0, 0.00038256824022505807, 999999.0,
0.0006425259837464246, 0.0008567962517894482, 0.0007176041968718752, 999999.0,
999999.0, 0.000241293449423162, 0.00032328488631779505, 999999.0,
0.0018795256049550205, 0.000895796404655724, 999999.0, 0.0002411196931628254,
0.0005964309072084297, 0.0004164034599595999, 0.0006716907475382027, 999999.0,
0.00040009941003532384, 0.0002926399830626111, 999999.0, 0.0002867478345885139,
0.0005510986502633181, 0.00064185595834904, 0.0008107960034955135,
0.0003671829607076343, 0.00022533697948506895, 999999.0, 0.006419040601702296,
0.0007013684994537476, 0.00042018446916189866, 0.00042198607428311564,
0.00021198387070981228, 999999.0, 999999.0, 0.002957232608957626,
0.00021586752456613764, 0.0009539979983206438, 0.0, 999999.0, 999999.0,
0.0003051440375380995, 0.0008248956507928325, 999999.0, 0.0007178551194738518,
0.0007702587388833456, 0.0003478476322108363, 0.00027217886781799995],
      [999999.0, 999999.0, 999999.0, 999999.0, 999999.0, 999999.0, 999999.0, 999999.0,
0.0008486973204408941, 999999.0, 999999.0, 0.0009355284707430482,
0.0008209807041643541, 999999.0, 0.0004272735937055235, 999999.0, 999999.0,
999999.0, 999999.0, 999999.0, 999999.0, 999999.0, 999999.0, 999999.0, 999999.0,
999999.0, 999999.0, 999999.0, 999999.0, 999999.0, 999999.0, 999999.0, 999999.0,
999999.0, 999999.0, 999999.0, 999999.0, 0.0008301696400786777, 999999.0,
999999.0, 999999.0, 0.0, 999999.0, 999999.0, 999999.0, 999999.0, 999999.0,
999999.0, 999999.0, 999999.0],
      [999999.0, 999999.0, 999999.0, 999999.0, 999999.0, 999999.0, 999999.0, 999999.0,
0.0002459149541918714, 999999.0, 999999.0, 999999.0, 999999.0, 999999.0,
0.0009632420930036379, 999999.0, 999999.0, 999999.0, 999999.0, 999999.0,
999999.0, 999999.0, 999999.0, 999999.0, 999999.0, 999999.0, 999999.0, 999999.0,
999999.0, 999999.0, 999999.0, 999999.0, 999999.0, 999999.0, 999999.0, 999999.0,
999999.0, 0.0008055074247187864, 999999.0, 999999.0, 999999.0, 999999.0, 0.0,
999999.0, 999999.0, 999999.0, 999999.0, 999999.0, 999999.0, 999999.0],
      [999999.0, 0.0009897103640277194, 999999.0, 999999.0, 999999.0, 999999.0,
999999.0, 999999.0, 0.0007652216947327722, 999999.0, 999999.0, 999999.0,
0.000551907256967271, 999999.0, 999999.0, 999999.0, 999999.0, 999999.0,
999999.0, 999999.0, 999999.0, 999999.0, 999999.0, 999999.0, 999999.0, 999999.0,
999999.0, 999999.0, 999999.0, 999999.0, 999999.0, 999999.0, 999999.0, 999999.0,
999999.0, 0.00032547084021514845, 0.0009329816827084917,
0.00020351445082243542, 999999.0, 999999.0, 0.0003051440375380995, 999999.0,
999999.0, 0.0, 999999.0, 999999.0, 999999.0, 999999.0, 999999.0, 999999.0],
      [999999.0, 0.00052074958404094, 999999.0, 999999.0, 999999.0, 999999.0,
999999.0, 999999.0, 0.00047507073005939983, 999999.0, 999999.0,
0.0007108851025304924, 0.0006614603173985982, 999999.0, 0.0008216315527133933,
999999.0, 999999.0, 999999.0, 999999.0, 999999.0, 999999.0, 999999.0, 999999.0,
999999.0, 999999.0, 999999.0, 999999.0, 999999.0, 999999.0, 999999.0, 999999.0,
999999.0, 999999.0, 999999.0, 999999.0, 0.000640582874324246, 999999.0,
0.0004198360583847584, 999999.0, 999999.0, 0.0008248956507928325, 999999.0,
999999.0, 999999.0, 0.0, 999999.0, 999999.0, 999999.0, 999999.0, 999999.0],
      [999999.0, 999999.0, 999999.0, 999999.0, 999999.0, 999999.0, 999999.0, 999999.0,
0.005703750696160259, 999999.0, 999999.0, 0.00576804082368783, 999999.0,
999999.0, 0.0011346585545550293, 999999.0, 999999.0, 999999.0, 999999.0,
999999.0, 999999.0, 999999.0, 999999.0, 999999.0, 999999.0, 999999.0, 999999.0,
999999.0, 999999.0, 999999.0, 999999.0, 999999.0, 999999.0, 999999.0, 999999.0,
0.005211900441333365, 0.00438222232478397, 999999.0, 999999.0, 999999.0,
999999.0, 999999.0, 999999.0, 999999.0, 999999.0, 0.0, 999999.0, 999999.0,
999999.0, 999999.0],
      [999999.0, 0.0008712980943892335, 999999.0, 999999.0, 999999.0, 999999.0,
999999.0, 999999.0, 0.0007383535246859694, 999999.0, 999999.0,
0.0004117746287926426, 0.0006454747811844268, 999999.0, 999999.0, 999999.0,
999999.0, 999999.0, 999999.0, 999999.0, 999999.0, 999999.0, 999999.0, 999999.0,
999999.0, 999999.0, 999999.0, 999999.0, 999999.0, 999999.0, 999999.0, 999999.0,
999999.0, 999999.0, 999999.0, 0.00024321427510773922, 999999.0,
0.0008127584998152345, 999999.0, 999999.0, 0.0007178551194738518, 999999.0,
999999.0, 999999.0, 999999.0, 999999.0, 0.0, 999999.0, 999999.0, 999999.0],
      [999999.0, 0.0002597312188629589, 999999.0, 999999.0, 999999.0, 999999.0,
999999.0, 999999.0, 0.0008035836673451876, 999999.0, 999999.0,
0.0006931315364090937, 0.0006157217167173367, 999999.0, 0.0005520481796189644,
999999.0, 999999.0, 999999.0, 999999.0, 999999.0, 999999.0, 999999.0, 999999.0,
999999.0, 999999.0, 999999.0, 999999.0, 999999.0, 999999.0, 999999.0, 999999.0,
999999.0, 999999.0, 999999.0, 999999.0, 0.000722578625099371,
0.0006221081648154057, 0.000526430130345923, 999999.0, 999999.0,
0.0007702587388833456, 999999.0, 999999.0, 999999.0, 999999.0, 999999.0,
999999.0, 0.0, 999999.0, 999999.0],
      [999999.0, 0.00026861174775112115, 999999.0, 999999.0, 999999.0, 999999.0,
999999.0, 999999.0, 0.0003373996449641868, 999999.0, 999999.0,
0.0009960641306096744, 999999.0, 999999.0, 999999.0, 999999.0, 999999.0,
999999.0, 999999.0, 999999.0, 999999.0, 999999.0, 999999.0, 999999.0, 999999.0,
999999.0, 999999.0, 999999.0, 999999.0, 999999.0, 999999.0, 999999.0, 999999.0,
999999.0, 999999.0, 0.0007816499490341719, 999999.0, 999999.0, 999999.0,
999999.0, 0.0003478476322108363, 999999.0, 999999.0, 999999.0, 999999.0,
999999.0, 999999.0, 999999.0, 0.0, 999999.0],
      [999999.0, 0.0004387821888344237, 999999.0, 999999.0, 999999.0, 999999.0,
999999.0, 999999.0, 0.0009311263676354794, 999999.0, 999999.0,
0.0005946782584933406, 0.0002961838823598365, 999999.0, 0.0007563410202690014,
999999.0, 999999.0, 999999.0, 999999.0, 999999.0, 999999.0, 999999.0, 999999.0,
999999.0, 999999.0, 999999.0, 999999.0, 999999.0, 999999.0, 999999.0, 999999.0,
999999.0, 999999.0, 999999.0, 999999.0, 0.0004271468094411855,
0.0008240893569224404, 0.0004679851544337187, 999999.0, 999999.0,
0.00027217886781799995, 999999.0, 999999.0, 999999.0, 999999.0, 999999.0,
999999.0, 999999.0, 999999.0, 0.0]
    ],
    "bandwidth_matrix": [
      [999999.0, 32.0, 0.0, 0.0, 0.0, 0.0, 0.0, 0.0, 0.0, 0.0, 0.0, 97.0, 0.0, 0.0,
56.0, 0.0, 0.0, 0.0, 0.0, 0.0, 0.0, 0.0, 0.0, 0.0, 0.0, 0.0, 0.0, 0.0, 0.0,
0.0, 0.0, 0.0, 0.0, 0.0, 0.0, 39.0, 33.0, 40.0, 0.0, 0.0, 100.0, 0.0, 0.0, 0.0,
0.0, 0.0, 0.0, 0.0, 0.0, 0.0],
      [32.0, 999999.0, 0.0, 73.0, 93.0, 16.0, 25.0, 70.0, 0.0, 60.0, 91.0, 0.0, 0.0,
48.0, 0.0, 19.0, 0.0, 44.0, 14.0, 68.0, 94.0, 40.0, 35.0, 26.0, 0.0, 0.0, 96.0,
63.0, 47.0, 0.0, 505.0, 90.0, 34.0, 0.0, 93.0, 230.0, 0.0, 0.0, 13.0, 86.0,
0.0, 0.0, 0.0, 74.0, 84.0, 0.0, 50.0, 11.0, 25.0, 36.0],
      [0.0, 0.0, 999999.0, 0.0, 0.0, 0.0, 0.0, 0.0, 0.0, 0.0, 0.0, 51.0, 29.0, 0.0,
88.0, 0.0, 0.0, 0.0, 0.0, 0.0, 0.0, 0.0, 0.0, 0.0, 0.0, 0.0, 0.0, 0.0, 0.0,
0.0, 0.0, 0.0, 0.0, 0.0, 0.0, 52.0, 41.0, 0.0, 0.0, 0.0, 55.0, 0.0, 0.0, 0.0,
0.0, 0.0, 0.0, 0.0, 0.0, 0.0],
      [0.0, 73.0, 0.0, 999999.0, 0.0, 0.0, 0.0, 0.0, 90.0, 0.0, 0.0, 54.0, 0.0, 0.0,
10.0, 0.0, 0.0, 0.0, 0.0, 0.0, 0.0, 0.0, 0.0, 0.0, 0.0, 0.0, 0.0, 0.0, 0.0,
0.0, 0.0, 0.0, 0.0, 0.0, 0.0, 0.0, 86.0, 0.0, 0.0, 0.0, 0.0, 0.0, 0.0, 0.0,
0.0, 0.0, 0.0, 0.0, 0.0, 0.0],
      [0.0, 93.0, 0.0, 0.0, 999999.0, 0.0, 0.0, 0.0, 46.0, 0.0, 0.0, 35.0, 87.0, 0.0,
94.0, 0.0, 0.0, 0.0, 0.0, 0.0, 0.0, 0.0, 0.0, 0.0, 0.0, 0.0, 0.0, 0.0, 0.0,
0.0, 0.0, 0.0, 0.0, 0.0, 0.0, 78.0, 0.0, 0.0, 0.0, 0.0, 99.0, 0.0, 0.0, 0.0,
0.0, 0.0, 0.0, 0.0, 0.0, 0.0],
      [0.0, 16.0, 0.0, 0.0, 0.0, 999999.0, 0.0, 0.0, 60.0, 0.0, 0.0, 0.0, 0.0, 0.0,
77.0, 0.0, 0.0, 0.0, 0.0, 0.0, 0.0, 0.0, 0.0, 0.0, 0.0, 0.0, 0.0, 0.0, 0.0,
0.0, 0.0, 0.0, 0.0, 0.0, 0.0, 21.0, 56.0, 0.0, 0.0, 0.0, 26.0, 0.0, 0.0, 0.0,
0.0, 0.0, 0.0, 0.0, 0.0, 0.0],
      [0.0, 25.0, 0.0, 0.0, 0.0, 0.0, 999999.0, 0.0, 89.0, 0.0, 0.0, 0.0, 11.0, 0.0,
48.0, 0.0, 0.0, 0.0, 0.0, 0.0, 0.0, 0.0, 0.0, 0.0, 0.0, 0.0, 0.0, 0.0, 0.0,
0.0, 0.0, 0.0, 0.0, 0.0, 0.0, 31.0, 0.0, 52.0, 0.0, 0.0, 27.0, 0.0, 0.0, 0.0,
0.0, 0.0, 0.0, 0.0, 0.0, 0.0],
      [0.0, 70.0, 0.0, 0.0, 0.0, 0.0, 0.0, 999999.0, 40.0, 0.0, 0.0, 63.0, 0.0, 0.0,
45.0, 0.0, 0.0, 0.0, 0.0, 0.0, 0.0, 0.0, 0.0, 0.0, 0.0, 0.0, 0.0, 0.0, 0.0,
0.0, 0.0, 0.0, 0.0, 0.0, 0.0, 0.0, 77.0, 90.0, 0.0, 0.0, 0.0, 0.0, 0.0, 0.0,
0.0, 0.0, 0.0, 0.0, 0.0, 0.0],
      [0.0, 0.0, 0.0, 90.0, 46.0, 60.0, 89.0, 40.0, 999999.0, 27.0, 63.0, 0.0, 301.0,
36.0, 0.0, 0.0, 50.0, 83.0, 48.0, 11.0, 39.0, 0.0, 46.0, 18.0, 76.0, 44.0,
48.0, 16.0, 33.0, 28.0, 884.0, 28.0, 31.0, 0.0, 82.0, 0.0, 0.0, 148.0, 36.0,
15.0, 0.0, 55.0, 67.0, 19.0, 49.0, 673.0, 35.0, 71.0, 45.0, 97.0],
      [0.0, 60.0, 0.0, 0.0, 0.0, 0.0, 0.0, 0.0, 27.0, 999999.0, 0.0, 28.0, 90.0, 0.0,
27.0, 0.0, 0.0, 0.0, 0.0, 0.0, 0.0, 0.0, 0.0, 0.0, 0.0, 0.0, 0.0, 0.0, 0.0,
0.0, 0.0, 0.0, 0.0, 0.0, 0.0, 29.0, 84.0, 0.0, 0.0, 0.0, 94.0, 0.0, 0.0, 0.0,
0.0, 0.0, 0.0, 0.0, 0.0, 0.0],
      [0.0, 91.0, 0.0, 0.0, 0.0, 0.0, 0.0, 0.0, 63.0, 0.0, 999999.0, 81.0, 78.0, 0.0,
91.0, 0.0, 0.0, 0.0, 0.0, 0.0, 0.0, 0.0, 0.0, 0.0, 0.0, 0.0, 0.0, 0.0, 0.0,
0.0, 0.0, 0.0, 0.0, 0.0, 0.0, 57.0, 95.0, 34.0, 0.0, 0.0, 24.0, 0.0, 0.0, 0.0,
0.0, 0.0, 0.0, 0.0, 0.0, 0.0],
      [97.0, 0.0, 51.0, 54.0, 35.0, 0.0, 0.0, 63.0, 0.0, 28.0, 81.0, 999999.0, 0.0,
88.0, 0.0, 93.0, 33.0, 41.0, 0.0, 63.0, 70.0, 61.0, 23.0, 0.0, 13.0, 22.0,
19.0, 15.0, 23.0, 73.0, 783.0, 87.0, 75.0, 87.0, 99.0, 0.0, 170.0, 401.0, 91.0,
0.0, 0.0, 76.0, 0.0, 0.0, 13.0, 684.0, 66.0, 76.0, 50.0, 64.0],
      [0.0, 0.0, 29.0, 0.0, 87.0, 0.0, 11.0, 0.0, 301.0, 90.0, 78.0, 0.0, 999999.0,
51.0, 142.0, 55.0, 34.0, 97.0, 0.0, 60.0, 69.0, 78.0, 96.0, 0.0, 10.0, 61.0,
54.0, 0.0, 23.0, 0.0, 0.0, 0.0, 64.0, 58.0, 0.0, 0.0, 420.0, 199.0, 23.0, 32.0,
409.0, 87.0, 0.0, 84.0, 71.0, 0.0, 40.0, 73.0, 0.0, 96.0],
      [0.0, 48.0, 0.0, 0.0, 0.0, 0.0, 0.0, 0.0, 36.0, 0.0, 0.0, 88.0, 51.0, 999999.0,
54.0, 0.0, 0.0, 0.0, 0.0, 0.0, 0.0, 0.0, 0.0, 0.0, 0.0, 0.0, 0.0, 0.0, 0.0,
0.0, 0.0, 0.0, 0.0, 0.0, 0.0, 24.0, 23.0, 43.0, 0.0, 0.0, 49.0, 0.0, 0.0, 0.0,
0.0, 0.0, 0.0, 0.0, 0.0, 0.0],
      [56.0, 0.0, 88.0, 10.0, 94.0, 77.0, 48.0, 45.0, 0.0, 27.0, 91.0, 0.0, 142.0,
54.0, 999999.0, 10.0, 92.0, 66.0, 93.0, 81.0, 0.0, 33.0, 48.0, 19.0, 23.0,
26.0, 72.0, 11.0, 37.0, 47.0, 706.0, 46.0, 30.0, 29.0, 44.0, 414.0, 0.0, 151.0,
0.0, 72.0, 0.0, 12.0, 35.0, 0.0, 58.0, 934.0, 0.0, 90.0, 0.0, 98.0],
      [0.0, 19.0, 0.0, 0.0, 0.0, 0.0, 0.0, 0.0, 0.0, 0.0, 0.0, 93.0, 55.0, 0.0, 10.0,
999999.0, 0.0, 0.0, 0.0, 0.0, 0.0, 0.0, 0.0, 0.0, 0.0, 0.0, 0.0, 0.0, 0.0, 0.0,
0.0, 0.0, 0.0, 0.0, 0.0, 80.0, 25.0, 33.0, 0.0, 0.0, 76.0, 0.0, 0.0, 0.0, 0.0,
0.0, 0.0, 0.0, 0.0, 0.0],
      [0.0, 0.0, 0.0, 0.0, 0.0, 0.0, 0.0, 0.0, 50.0, 0.0, 0.0, 33.0, 34.0, 0.0, 92.0,
0.0, 999999.0, 0.0, 0.0, 0.0, 0.0, 0.0, 0.0, 0.0, 0.0, 0.0, 0.0, 0.0, 0.0, 0.0,
0.0, 0.0, 0.0, 0.0, 0.0, 92.0, 26.0, 22.0, 0.0, 0.0, 65.0, 0.0, 0.0, 0.0, 0.0,
0.0, 0.0, 0.0, 0.0, 0.0],
      [0.0, 44.0, 0.0, 0.0, 0.0, 0.0, 0.0, 0.0, 83.0, 0.0, 0.0, 41.0, 97.0, 0.0, 66.0,
0.0, 0.0, 999999.0, 0.0, 0.0, 0.0, 0.0, 0.0, 0.0, 0.0, 0.0, 0.0, 0.0, 0.0, 0.0,
0.0, 0.0, 0.0, 0.0, 0.0, 0.0, 30.0, 49.0, 0.0, 0.0, 42.0, 0.0, 0.0, 0.0, 0.0,
0.0, 0.0, 0.0, 0.0, 0.0],
      [0.0, 14.0, 0.0, 0.0, 0.0, 0.0, 0.0, 0.0, 48.0, 0.0, 0.0, 0.0, 0.0, 0.0, 93.0,
0.0, 0.0, 0.0, 999999.0, 0.0, 0.0, 0.0, 0.0, 0.0, 0.0, 0.0, 0.0, 0.0, 0.0, 0.0,
0.0, 0.0, 0.0, 0.0, 0.0, 0.0, 56.0, 96.0, 0.0, 0.0, 24.0, 0.0, 0.0, 0.0, 0.0,
0.0, 0.0, 0.0, 0.0, 0.0],
      [0.0, 68.0, 0.0, 0.0, 0.0, 0.0, 0.0, 0.0, 11.0, 0.0, 0.0, 63.0, 60.0, 0.0, 81.0,
0.0, 0.0, 0.0, 0.0, 999999.0, 0.0, 0.0, 0.0, 0.0, 0.0, 0.0, 0.0, 0.0, 0.0, 0.0,
0.0, 0.0, 0.0, 0.0, 0.0, 58.0, 96.0, 36.0, 0.0, 0.0, 0.0, 0.0, 0.0, 0.0, 0.0,
0.0, 0.0, 0.0, 0.0, 0.0],
      [0.0, 94.0, 0.0, 0.0, 0.0, 0.0, 0.0, 0.0, 39.0, 0.0, 0.0, 70.0, 69.0, 0.0, 0.0,
0.0, 0.0, 0.0, 0.0, 0.0, 999999.0, 0.0, 0.0, 0.0, 0.0, 0.0, 0.0, 0.0, 0.0, 0.0,
0.0, 0.0, 0.0, 0.0, 0.0, 61.0, 79.0, 78.0, 0.0, 0.0, 76.0, 0.0, 0.0, 0.0, 0.0,
0.0, 0.0, 0.0, 0.0, 0.0],
      [0.0, 40.0, 0.0, 0.0, 0.0, 0.0, 0.0, 0.0, 0.0, 0.0, 0.0, 61.0, 78.0, 0.0, 33.0,
