{
    "compute_power": [4924.904697718488, 946.274138268968, 674.8298895198052, 929.1525633205792,
419.0236804467385, 920.959444549433, 636.1043013610365, 591.5196715168108,
287.3597034050396, 319.1067684086193, 129.14758625968182, 806.0107895918314,
597.4515897934662, 431.1641266788216, 989.2552221391471, 514.555833403805,
349.98884348954863, 4250.613866445445, 3309.396212579725, 840.1475560407773,
391.70154612261194, 2786.634341823871, 819.1927985649463, 510.8305779041661,
721.3269998516412, 781.3171302789477, 7813.464046701773, 689.3141568047919,
3349.5233663455824, 782.1202680329773],
    "latency_matrix": [
      [0.0, 0.0006249569570998124, 0.0006712869497484141, 0.0007056432392803681,
0.0009844717153101228, 999999.0, 0.0006961757577520378, 0.0007910736033179819,
0.0009626918872379465, 999999.0, 0.00047983760486647114, 999999.0,
0.00059076273442005, 0.00048365239886644627, 0.000929790111072278,
0.0005920716899141245, 0.0009202619708664089, 999999.0, 0.0025118002965520783,
0.0007746388221646261, 0.0009490327961355478, 999999.0, 999999.0,
0.0009057764575703156, 0.0006257406158078132, 0.000975248802014587, 999999.0,
0.0005493687989595857, 0.002889730388002754, 0.0004845617701661909],
      [0.0006249569570998124, 0.0, 999999.0, 999999.0, 999999.0, 999999.0, 999999.0,
999999.0, 999999.0, 999999.0, 999999.0, 999999.0, 999999.0, 999999.0, 999999.0,
999999.0, 999999.0, 0.0004239540100081327, 0.0002604032251701132, 999999.0,
999999.0, 0.0004205461832620321, 999999.0, 999999.0, 999999.0, 999999.0,
999999.0, 999999.0, 0.000916732103517041, 999999.0],
      [0.0006712869497484141, 999999.0, 0.0, 999999.0, 999999.0, 999999.0, 999999.0,
999999.0, 999999.0, 999999.0, 999999.0, 999999.0, 999999.0, 999999.0, 999999.0,
999999.0, 999999.0, 0.0006018490428757338, 0.0009251125677227028, 999999.0,
999999.0, 0.00044556457154761183, 999999.0, 999999.0, 999999.0, 999999.0,
999999.0, 999999.0, 0.000658923014448666, 999999.0],
      [0.0007056432392803681, 999999.0, 999999.0, 0.0, 999999.0, 999999.0, 999999.0,
999999.0, 999999.0, 999999.0, 999999.0, 999999.0, 999999.0, 999999.0, 999999.0,
999999.0, 999999.0, 999999.0, 0.0006080554724417891, 999999.0, 999999.0,
0.0003563201423615186, 999999.0, 999999.0, 999999.0, 999999.0, 999999.0,
999999.0, 999999.0, 999999.0],
      [0.0009844717153101228, 999999.0, 999999.0, 999999.0, 0.0, 999999.0, 999999.0,
999999.0, 999999.0, 999999.0, 999999.0, 999999.0, 999999.0, 999999.0, 999999.0,
999999.0, 999999.0, 0.0004906922408972409, 999999.0, 999999.0, 999999.0,
0.0008011575427698999, 999999.0, 999999.0, 999999.0, 999999.0, 999999.0,
999999.0, 0.0006079762348725297, 999999.0],
      [999999.0, 999999.0, 999999.0, 999999.0, 999999.0, 0.0, 999999.0, 999999.0,
999999.0, 999999.0, 999999.0, 999999.0, 999999.0, 999999.0, 999999.0, 999999.0,
999999.0, 0.00067070687745361, 0.0008040836474478625, 999999.0, 999999.0,
0.0006139847724170923, 999999.0, 999999.0, 999999.0, 999999.0, 999999.0,
999999.0, 0.00025332355492687573, 999999.0],
      [0.0006961757577520378, 999999.0, 999999.0, 999999.0, 999999.0, 999999.0, 0.0,
999999.0, 999999.0, 999999.0, 999999.0, 999999.0, 999999.0, 999999.0, 999999.0,
999999.0, 999999.0, 0.00029420709478233074, 0.0007864772111607035, 999999.0,
999999.0, 999999.0, 999999.0, 999999.0, 999999.0, 999999.0, 999999.0, 999999.0,
999999.0, 999999.0],
      [0.0007910736033179819, 999999.0, 999999.0, 999999.0, 999999.0, 999999.0,
999999.0, 0.0, 999999.0, 999999.0, 999999.0, 999999.0, 999999.0, 999999.0,
999999.0, 999999.0, 999999.0, 0.0007590141148204625, 0.0003467118398097546,
999999.0, 999999.0, 999999.0, 999999.0, 999999.0, 999999.0, 999999.0, 999999.0,
999999.0, 0.0008829443921207247, 999999.0],
      [0.0009626918872379465, 999999.0, 999999.0, 999999.0, 999999.0, 999999.0,
999999.0, 999999.0, 0.0, 999999.0, 999999.0, 999999.0, 999999.0, 999999.0,
999999.0, 999999.0, 999999.0, 0.0004094088829002221, 0.00024348368437803673,
999999.0, 999999.0, 0.0005464244825541987, 999999.0, 999999.0, 999999.0,
999999.0, 999999.0, 999999.0, 0.0007330891449327112, 999999.0],
      [999999.0, 999999.0, 999999.0, 999999.0, 999999.0, 999999.0, 999999.0, 999999.0,
999999.0, 0.0, 999999.0, 999999.0, 999999.0, 999999.0, 999999.0, 999999.0,
999999.0, 0.00021874587985232222, 0.0005671555556364319, 999999.0, 999999.0,
999999.0, 999999.0, 999999.0, 999999.0, 999999.0, 999999.0, 999999.0,
0.0006425259837464246, 999999.0],
      [0.00047983760486647114, 999999.0, 999999.0, 999999.0, 999999.0, 999999.0,
999999.0, 999999.0, 999999.0, 999999.0, 0.0, 999999.0, 999999.0, 999999.0,
999999.0, 999999.0, 999999.0, 999999.0, 999999.0, 999999.0, 999999.0, 999999.0,
999999.0, 999999.0, 999999.0, 999999.0, 999999.0, 999999.0,
0.00027999528594413155, 999999.0],
      [999999.0, 999999.0, 999999.0, 999999.0, 999999.0, 999999.0, 999999.0, 999999.0,
999999.0, 999999.0, 999999.0, 0.0, 999999.0, 999999.0, 999999.0, 999999.0,
999999.0, 0.00046930444071997595, 999999.0, 999999.0, 999999.0,
0.0008567962517894482, 999999.0, 999999.0, 999999.0, 999999.0, 999999.0,
999999.0, 0.0005676777178887447, 999999.0],
      [0.00059076273442005, 999999.0, 999999.0, 999999.0, 999999.0, 999999.0,
999999.0, 999999.0, 999999.0, 999999.0, 999999.0, 999999.0, 0.0, 999999.0,
999999.0, 999999.0, 999999.0, 999999.0, 0.00040447337058558894, 999999.0,
999999.0, 0.000974367563241397, 999999.0, 999999.0, 999999.0, 999999.0,
999999.0, 999999.0, 0.0005481990816434283, 999999.0],
      [0.00048365239886644627, 999999.0, 999999.0, 999999.0, 999999.0, 999999.0,
999999.0, 999999.0, 999999.0, 999999.0, 999999.0, 999999.0, 999999.0, 0.0,
999999.0, 999999.0, 999999.0, 999999.0, 0.0008521184160387246, 999999.0,
999999.0, 0.0005986897819372068, 999999.0, 999999.0, 999999.0, 999999.0,
999999.0, 999999.0, 0.0003478103828513697, 999999.0],
      [0.000929790111072278, 999999.0, 999999.0, 999999.0, 999999.0, 999999.0,
999999.0, 999999.0, 999999.0, 999999.0, 999999.0, 999999.0, 999999.0, 999999.0,
0.0, 999999.0, 999999.0, 0.0004220336545878793, 0.0005351143408850471,
999999.0, 999999.0, 0.0005001285651313324, 999999.0, 999999.0, 999999.0,
999999.0, 999999.0, 999999.0, 0.0008323242007997751, 999999.0],
      [0.0005920716899141245, 999999.0, 999999.0, 999999.0, 999999.0, 999999.0,
999999.0, 999999.0, 999999.0, 999999.0, 999999.0, 999999.0, 999999.0, 999999.0,
999999.0, 0.0, 999999.0, 0.0009156152564245735, 0.00048129411866485046,
999999.0, 999999.0, 0.0008576010095797162, 999999.0, 999999.0, 999999.0,
999999.0, 999999.0, 999999.0, 0.0009776396100126953, 999999.0],
      [0.0009202619708664089, 999999.0, 999999.0, 999999.0, 999999.0, 999999.0,
999999.0, 999999.0, 999999.0, 999999.0, 999999.0, 999999.0, 999999.0, 999999.0,
999999.0, 999999.0, 0.0, 999999.0, 0.000241293449423162, 999999.0, 999999.0,
999999.0, 999999.0, 999999.0, 999999.0, 999999.0, 999999.0, 999999.0,
0.0002894119147315086, 999999.0],
      [999999.0, 0.0004239540100081327, 0.0006018490428757338, 999999.0,
0.0004906922408972409, 0.00067070687745361, 0.00029420709478233074,
0.0007590141148204625, 0.0004094088829002221, 0.00021874587985232222, 999999.0,
0.00046930444071997595, 999999.0, 999999.0, 0.0004220336545878793,
0.0009156152564245735, 999999.0, 0.0, 0.0009023214993149964,
0.0004624256186120816, 0.0008013063433633539, 999999.0, 0.00030256543051568894,
999999.0, 0.0007283854939350273, 0.0008387004652158593, 0.0034345389245454988,
0.0003144696421426952, 999999.0, 0.0005520750241682525],
      [0.0025118002965520783, 0.0002604032251701132, 0.0009251125677227028,
0.0006080554724417891, 999999.0, 0.0008040836474478625, 0.0007864772111607035,
0.0003467118398097546, 0.00024348368437803673, 0.0005671555556364319, 999999.0,
999999.0, 0.00040447337058558894, 0.0008521184160387246, 0.0005351143408850471,
0.00048129411866485046, 0.000241293449423162, 0.0009023214993149964, 0.0,
0.00037537130895049387, 0.0007228258319978044, 999999.0, 0.0009307586955679995,
0.0009741182744775216, 999999.0, 0.0009368542803183739, 0.0067818571396246466,
0.0005964309072084297, 0.00181170984151066, 0.000907872642040384],
      [0.0007746388221646261, 999999.0, 999999.0, 999999.0, 999999.0, 999999.0,
999999.0, 999999.0, 999999.0, 999999.0, 999999.0, 999999.0, 999999.0, 999999.0,
999999.0, 999999.0, 999999.0, 0.0004624256186120816, 0.00037537130895049387,
0.0, 999999.0, 0.00045104249705912413, 999999.0, 999999.0, 999999.0, 999999.0,
999999.0, 999999.0, 0.0005746269998381292, 999999.0],
      [0.0009490327961355478, 999999.0, 999999.0, 999999.0, 999999.0, 999999.0,
999999.0, 999999.0, 999999.0, 999999.0, 999999.0, 999999.0, 999999.0, 999999.0,
999999.0, 999999.0, 999999.0, 0.0008013063433633539, 0.0007228258319978044,
999999.0, 0.0, 0.00022669408699039757, 999999.0, 999999.0, 999999.0, 999999.0,
999999.0, 999999.0, 0.0006051541770341982, 999999.0],
      [999999.0, 0.0004205461832620321, 0.00044556457154761183, 0.0003563201423615186,
0.0008011575427698999, 0.0006139847724170923, 999999.0, 999999.0,
0.0005464244825541987, 999999.0, 999999.0, 0.0008567962517894482,
0.000974367563241397, 0.0005986897819372068, 0.0005001285651313324,
0.0008576010095797162, 999999.0, 999999.0, 999999.0, 0.00045104249705912413,
0.00022669408699039757, 0.0, 0.000666673340431382, 0.0009414439255155632,
999999.0, 0.0006103735949609754, 0.002250177221664382, 0.0003006886708534496,
999999.0, 999999.0],
      [999999.0, 999999.0, 999999.0, 999999.0, 999999.0, 999999.0, 999999.0, 999999.0,
999999.0, 999999.0, 999999.0, 999999.0, 999999.0, 999999.0, 999999.0, 999999.0,
999999.0, 0.00030256543051568894, 0.0009307586955679995, 999999.0, 999999.0,
0.000666673340431382, 0.0, 999999.0, 999999.0, 999999.0, 999999.0, 999999.0,
0.0007152558923309662, 999999.0],
      [0.0009057764575703156, 999999.0, 999999.0, 999999.0, 999999.0, 999999.0,
999999.0, 999999.0, 999999.0, 999999.0, 999999.0, 999999.0, 999999.0, 999999.0,
999999.0, 999999.0, 999999.0, 999999.0, 0.0009741182744775216, 999999.0,
999999.0, 0.0009414439255155632, 999999.0, 0.0, 999999.0, 999999.0, 999999.0,
999999.0, 999999.0, 999999.0],
      [0.0006257406158078132, 999999.0, 999999.0, 999999.0, 999999.0, 999999.0,
999999.0, 999999.0, 999999.0, 999999.0, 999999.0, 999999.0, 999999.0, 999999.0,
999999.0, 999999.0, 999999.0, 0.0007283854939350273, 999999.0, 999999.0,
999999.0, 999999.0, 999999.0, 999999.0, 0.0, 999999.0, 999999.0, 999999.0,
0.0006948218926172605, 999999.0],
      [0.000975248802014587, 999999.0, 999999.0, 999999.0, 999999.0, 999999.0,
999999.0, 999999.0, 999999.0, 999999.0, 999999.0, 999999.0, 999999.0, 999999.0,
999999.0, 999999.0, 999999.0, 0.0008387004652158593, 0.0009368542803183739,
999999.0, 999999.0, 0.0006103735949609754, 999999.0, 999999.0, 999999.0, 0.0,
999999.0, 999999.0, 0.00029674089719548336, 999999.0],
      [999999.0, 999999.0, 999999.0, 999999.0, 999999.0, 999999.0, 999999.0, 999999.0,
999999.0, 999999.0, 999999.0, 999999.0, 999999.0, 999999.0, 999999.0, 999999.0,
999999.0, 0.0034345389245454988, 0.0067818571396246466, 999999.0, 999999.0,
0.002250177221664382, 999999.0, 999999.0, 999999.0, 999999.0, 0.0, 999999.0,
0.008325899867109347, 999999.0],
      [0.0005493687989595857, 999999.0, 999999.0, 999999.0, 999999.0, 999999.0,
999999.0, 999999.0, 999999.0, 999999.0, 999999.0, 999999.0, 999999.0, 999999.0,
999999.0, 999999.0, 999999.0, 0.0003144696421426952, 0.0005964309072084297,
999999.0, 999999.0, 0.0003006886708534496, 999999.0, 999999.0, 999999.0,
999999.0, 999999.0, 0.0, 0.0009685143612131647, 999999.0],
      [0.002889730388002754, 0.000916732103517041, 0.000658923014448666, 999999.0,
0.0006079762348725297, 0.00025332355492687573, 999999.0, 0.0008829443921207247,
0.0007330891449327112, 0.0006425259837464246, 0.00027999528594413155,
0.0005676777178887447, 0.0005481990816434283, 0.0003478103828513697,
0.0008323242007997751, 0.0009776396100126953, 0.0002894119147315086, 999999.0,
0.00181170984151066, 0.0005746269998381292, 0.0006051541770341982, 999999.0,
0.0007152558923309662, 999999.0, 0.0006948218926172605, 0.00029674089719548336,
0.008325899867109347, 0.0009685143612131647, 0.0, 0.0003596021692657287],
      [0.0004845617701661909, 999999.0, 999999.0, 999999.0, 999999.0, 999999.0,
999999.0, 999999.0, 999999.0, 999999.0, 999999.0, 999999.0, 999999.0, 999999.0,
999999.0, 999999.0, 999999.0, 0.0005520750241682525, 0.000907872642040384,
999999.0, 999999.0, 999999.0, 999999.0, 999999.0, 999999.0, 999999.0, 999999.0,
999999.0, 0.0003596021692657287, 0.0]
    ],
    "bandwidth_matrix": [
      [999999.0, 49.0, 80.0, 83.0, 90.0, 0.0, 63.0, 73.0, 48.0, 0.0, 16.0, 0.0, 89.0,
27.0, 28.0, 60.0, 84.0, 0.0, 494.0, 73.0, 91.0, 0.0, 0.0, 94.0, 76.0, 76.0,
0.0, 26.0, 347.0, 49.0],
      [49.0, 999999.0, 0.0, 0.0, 0.0, 0.0, 0.0, 0.0, 0.0, 0.0, 0.0, 0.0, 0.0, 0.0,
0.0, 0.0, 0.0, 52.0, 28.0, 0.0, 0.0, 45.0, 0.0, 0.0, 0.0, 0.0, 0.0, 0.0, 10.0,
0.0],
      [80.0, 0.0, 999999.0, 0.0, 0.0, 0.0, 0.0, 0.0, 0.0, 0.0, 0.0, 0.0, 0.0, 0.0,
0.0, 0.0, 0.0, 59.0, 89.0, 0.0, 0.0, 13.0, 0.0, 0.0, 0.0, 0.0, 0.0, 0.0, 97.0,
0.0],
      [83.0, 0.0, 0.0, 999999.0, 0.0, 0.0, 0.0, 0.0, 0.0, 0.0, 0.0, 0.0, 0.0, 0.0,
0.0, 0.0, 0.0, 0.0, 22.0, 0.0, 0.0, 28.0, 0.0, 0.0, 0.0, 0.0, 0.0, 0.0, 0.0,
0.0],
      [90.0, 0.0, 0.0, 0.0, 999999.0, 0.0, 0.0, 0.0, 0.0, 0.0, 0.0, 0.0, 0.0, 0.0,
0.0, 0.0, 0.0, 60.0, 0.0, 0.0, 0.0, 33.0, 0.0, 0.0, 0.0, 0.0, 0.0, 0.0, 40.0,
0.0],
      [0.0, 0.0, 0.0, 0.0, 0.0, 999999.0, 0.0, 0.0, 0.0, 0.0, 0.0, 0.0, 0.0, 0.0, 0.0,
0.0, 0.0, 39.0, 76.0, 0.0, 0.0, 51.0, 0.0, 0.0, 0.0, 0.0, 0.0, 0.0, 29.0, 0.0],
      [63.0, 0.0, 0.0, 0.0, 0.0, 0.0, 999999.0, 0.0, 0.0, 0.0, 0.0, 0.0, 0.0, 0.0,
0.0, 0.0, 0.0, 90.0, 68.0, 0.0, 0.0, 0.0, 0.0, 0.0, 0.0, 0.0, 0.0, 0.0, 0.0,
0.0],
      [73.0, 0.0, 0.0, 0.0, 0.0, 0.0, 0.0, 999999.0, 0.0, 0.0, 0.0, 0.0, 0.0, 0.0,
0.0, 0.0, 0.0, 90.0, 54.0, 0.0, 0.0, 0.0, 0.0, 0.0, 0.0, 0.0, 0.0, 0.0, 10.0,
0.0],
      [48.0, 0.0, 0.0, 0.0, 0.0, 0.0, 0.0, 0.0, 999999.0, 0.0, 0.0, 0.0, 0.0, 0.0,
0.0, 0.0, 0.0, 44.0, 61.0, 0.0, 0.0, 46.0, 0.0, 0.0, 0.0, 0.0, 0.0, 0.0, 35.0,
0.0],
      [0.0, 0.0, 0.0, 0.0, 0.0, 0.0, 0.0, 0.0, 0.0, 999999.0, 0.0, 0.0, 0.0, 0.0, 0.0,
0.0, 0.0, 78.0, 91.0, 0.0, 0.0, 0.0, 0.0, 0.0, 0.0, 0.0, 0.0, 0.0, 99.0, 0.0],
      [16.0, 0.0, 0.0, 0.0, 0.0, 0.0, 0.0, 0.0, 0.0, 0.0, 999999.0, 0.0, 0.0, 0.0,
0.0, 0.0, 0.0, 0.0, 0.0, 0.0, 0.0, 0.0, 0.0, 0.0, 0.0, 0.0, 0.0, 0.0, 77.0,
0.0],
      [0.0, 0.0, 0.0, 0.0, 0.0, 0.0, 0.0, 0.0, 0.0, 0.0, 0.0, 999999.0, 0.0, 0.0, 0.0,
0.0, 0.0, 56.0, 0.0, 0.0, 0.0, 26.0, 0.0, 0.0, 0.0, 0.0, 0.0, 0.0, 49.0, 0.0],
      [89.0, 0.0, 0.0, 0.0, 0.0, 0.0, 0.0, 0.0, 0.0, 0.0, 0.0, 0.0, 999999.0, 0.0,
0.0, 0.0, 0.0, 0.0, 11.0, 0.0, 0.0, 48.0, 0.0, 0.0, 0.0, 0.0, 0.0, 0.0, 31.0,
0.0],
      [27.0, 0.0, 0.0, 0.0, 0.0, 0.0, 0.0, 0.0, 0.0, 0.0, 0.0, 0.0, 0.0, 999999.0,
0.0, 0.0, 0.0, 0.0, 43.0, 0.0, 0.0, 70.0, 0.0, 0.0, 0.0, 0.0, 0.0, 0.0, 40.0,
0.0],
      [28.0, 0.0, 0.0, 0.0, 0.0, 0.0, 0.0, 0.0, 0.0, 0.0, 0.0, 0.0, 0.0, 0.0,
999999.0, 0.0, 0.0, 44.0, 77.0, 0.0, 0.0, 90.0, 0.0, 0.0, 0.0, 0.0, 0.0, 0.0,
23.0, 0.0],
      [60.0, 0.0, 0.0, 0.0, 0.0, 0.0, 0.0, 0.0, 0.0, 0.0, 0.0, 0.0, 0.0, 0.0, 0.0,
999999.0, 0.0, 27.0, 28.0, 0.0, 0.0, 90.0, 0.0, 0.0, 0.0, 0.0, 0.0, 0.0, 27.0,
0.0],
      [84.0, 0.0, 0.0, 0.0, 0.0, 0.0, 0.0, 0.0, 0.0, 0.0, 0.0, 0.0, 0.0, 0.0, 0.0,
0.0, 999999.0, 0.0, 94.0, 0.0, 0.0, 0.0, 0.0, 0.0, 0.0, 0.0, 0.0, 0.0, 51.0,
0.0],
      [0.0, 52.0, 59.0, 0.0, 60.0, 39.0, 90.0, 90.0, 44.0, 78.0, 0.0, 56.0, 0.0, 0.0,
44.0, 27.0, 0.0, 999999.0, 317.0, 81.0, 53.0, 0.0, 25.0, 0.0, 93.0, 22.0,
631.0, 22.0, 0.0, 81.0],
      [494.0, 28.0, 89.0, 22.0, 0.0, 76.0, 68.0, 54.0, 61.0, 91.0, 0.0, 0.0, 11.0,
43.0, 77.0, 28.0, 94.0, 317.0, 999999.0, 78.0, 82.0, 0.0, 24.0, 68.0, 0.0,
50.0, 653.0, 65.0, 310.0, 66.0],
      [73.0, 0.0, 0.0, 0.0, 0.0, 0.0, 0.0, 0.0, 0.0, 0.0, 0.0, 0.0, 0.0, 0.0, 0.0,
0.0, 0.0, 81.0, 78.0, 999999.0, 0.0, 91.0, 0.0, 0.0, 0.0, 0.0, 0.0, 0.0, 57.0,
0.0],
      [91.0, 0.0, 0.0, 0.0, 0.0, 0.0, 0.0, 0.0, 0.0, 0.0, 0.0, 0.0, 0.0, 0.0, 0.0,
0.0, 0.0, 53.0, 82.0, 0.0, 999999.0, 32.0, 0.0, 0.0, 0.0, 0.0, 0.0, 0.0, 69.0,
0.0],
      [0.0, 45.0, 13.0, 28.0, 33.0, 51.0, 0.0, 0.0, 46.0, 0.0, 0.0, 26.0, 48.0, 70.0,
90.0, 90.0, 0.0, 0.0, 0.0, 91.0, 32.0, 999999.0, 23.0, 19.0, 0.0, 33.0, 656.0,
49.0, 0.0, 0.0],
      [0.0, 0.0, 0.0, 0.0, 0.0, 0.0, 0.0, 0.0, 0.0, 0.0, 0.0, 0.0, 0.0, 0.0, 0.0, 0.0,
0.0, 25.0, 24.0, 0.0, 0.0, 23.0, 999999.0, 0.0, 0.0, 0.0, 0.0, 0.0, 43.0, 0.0],
      [94.0, 0.0, 0.0, 0.0, 0.0, 0.0, 0.0, 0.0, 0.0, 0.0, 0.0, 0.0, 0.0, 0.0, 0.0,
0.0, 0.0, 0.0, 68.0, 0.0, 0.0, 19.0, 0.0, 999999.0, 0.0, 0.0, 0.0, 0.0, 0.0,
0.0],
      [76.0, 0.0, 0.0, 0.0, 0.0, 0.0, 0.0, 0.0, 0.0, 0.0, 0.0, 0.0, 0.0, 0.0, 0.0,
0.0, 0.0, 93.0, 0.0, 0.0, 0.0, 0.0, 0.0, 0.0, 999999.0, 0.0, 0.0, 0.0, 25.0,
0.0],
      [76.0, 0.0, 0.0, 0.0, 0.0, 0.0, 0.0, 0.0, 0.0, 0.0, 0.0, 0.0, 0.0, 0.0, 0.0,
0.0, 0.0, 22.0, 50.0, 0.0, 0.0, 33.0, 0.0, 0.0, 0.0, 999999.0, 0.0, 0.0, 34.0,
0.0],
      [0.0, 0.0, 0.0, 0.0, 0.0, 0.0, 0.0, 0.0, 0.0, 0.0, 0.0, 0.0, 0.0, 0.0, 0.0, 0.0,
0.0, 631.0, 653.0, 0.0, 0.0, 656.0, 0.0, 0.0, 0.0, 0.0, 999999.0, 0.0, 938.0,
0.0],
      [26.0, 0.0, 0.0, 0.0, 0.0, 0.0, 0.0, 0.0, 0.0, 0.0, 0.0, 0.0, 0.0, 0.0, 0.0,
0.0, 0.0, 22.0, 65.0, 0.0, 0.0, 49.0, 0.0, 0.0, 0.0, 0.0, 0.0, 999999.0, 44.0,
0.0],
      [347.0, 10.0, 97.0, 0.0, 40.0, 29.0, 0.0, 10.0, 35.0, 99.0, 77.0, 49.0, 31.0,
40.0, 23.0, 27.0, 51.0, 0.0, 310.0, 57.0, 69.0, 0.0, 43.0, 0.0, 25.0, 34.0,
938.0, 44.0, 999999.0, 30.0],
      [49.0, 0.0, 0.0, 0.0, 0.0, 0.0, 0.0, 0.0, 0.0, 0.0, 0.0, 0.0, 0.0, 0.0, 0.0,
0.0, 0.0, 81.0, 66.0, 0.0, 0.0, 0.0, 0.0, 0.0, 0.0, 0.0, 0.0, 0.0, 30.0,
999999.0]
    ],
    "source_to_node_latency": [
      [999999.0, 999999.0, 999999.0, 999999.0, 999999.0, 999999.0, 999999.0, 999999.0,
999999.0, 999999.0, 999999.0, 999999.0, 0.00043926976160487915, 999999.0,
999999.0, 999999.0, 999999.0, 999999.0, 999999.0, 999999.0, 999999.0, 999999.0,
999999.0, 999999.0, 999999.0, 999999.0, 999999.0, 999999.0, 999999.0, 999999.0]
    ],
    "source_to_node_bandwidth": [
      [0.0, 0.0, 0.0, 0.0, 0.0, 0.0, 0.0, 0.0, 0.0, 0.0, 0.0, 0.0, 38.0, 0.0, 0.0,
0.0, 0.0, 0.0, 0.0, 0.0, 0.0, 0.0, 0.0, 0.0, 0.0, 0.0, 0.0, 0.0, 0.0, 0.0]
    ],
    "sink_to_node_latency": [
      [999999.0, 999999.0, 999999.0, 999999.0, 999999.0, 999999.0,
0.00042097253009379984, 999999.0, 999999.0, 999999.0, 999999.0, 999999.0,
999999.0, 999999.0, 999999.0, 999999.0, 999999.0, 999999.0, 999999.0, 999999.0,
999999.0, 999999.0, 999999.0, 999999.0, 999999.0, 999999.0, 999999.0, 999999.0,
999999.0, 999999.0],
      [999999.0, 999999.0, 999999.0, 999999.0, 999999.0, 999999.0, 999999.0, 999999.0,
999999.0, 999999.0, 999999.0, 999999.0, 0.00047281647327044777, 999999.0,
999999.0, 999999.0, 999999.0, 999999.0, 999999.0, 999999.0, 999999.0, 999999.0,
999999.0, 999999.0, 999999.0, 999999.0, 999999.0, 999999.0, 999999.0, 999999.0]
    ],
    "sink_to_node_bandwidth": [
      [0.0, 0.0, 0.0, 0.0, 0.0, 0.0, 96.0, 0.0, 0.0, 0.0, 0.0, 0.0, 0.0, 0.0, 0.0,
0.0, 0.0, 0.0, 0.0, 0.0, 0.0, 0.0, 0.0, 0.0, 0.0, 0.0, 0.0, 0.0, 0.0, 0.0],
      [0.0, 0.0, 0.0, 0.0, 0.0, 0.0, 0.0, 0.0, 0.0, 0.0, 0.0, 0.0, 75.0, 0.0, 0.0,
0.0, 0.0, 0.0, 0.0, 0.0, 0.0, 0.0, 0.0, 0.0, 0.0, 0.0, 0.0, 0.0, 0.0, 0.0]
    ],
    "trigger_types": [
      {
        "type": "Poisson",
        "lambda": 0.5777090902448797
      }
    ],
    "node_types": ["edge", "end", "end", "end", "end", "end", "end", "end", "end", "end", "end",
"end", "end", "end", "end", "end", "end", "edge", "edge", "end", "end", "edge",
"end", "end", "end", "end", "cloud", "end", "edge", "end"]
  }