{
    "compute_power": [108.96120591169564, 779.5941033788453, 753.368411531841, 913.8747547925449,
421.57703513233656, 3069.923862085461, 393.3632197520237, 958.1008714436664,
990.064534084988, 234.4030013442682, 759.7868625557913, 508.4248189277365,
484.1853541001508, 3470.7844977766144, 397.95526935085036, 1471.0354739116535,
665.6759766088368, 323.9767034879028, 874.127772563975, 3409.0818213125085,
2029.6585518650834, 202.22696736995258, 308.35805807231213, 5738.204996861294,
686.3034528832573, 8493.83821762789, 663.875765841995, 191.57619599290803,
336.21087160326863, 857.2853700353573, 652.8175812510555, 868.3124411358152,
106.49678585398507, 3337.0953238456686, 828.4021557725721, 632.4209342608534,
958.0283731426898, 781.7868424023884, 1901.8750094892232, 6308.805518126388,
342.1442789840074, 675.808323539191, 687.5753310257738, 7783.936842705289,
489.7275428734736, 4098.214008924711, 605.5808912167518, 699.7252880493,
1792.8341001801928, 2107.5655954761637, 3500.497457450966, 674.4398131671446,
690.6368691403792, 421.8148642859542, 4015.6983593539376, 767.344390889827,
972.7482113199079, 625.4902125848827, 597.8417317147278, 727.0887657688827,
732.8526837140463, 189.3044631626209, 692.8980435649656, 451.9390512989257,
950.5874091000653, 475.9069401328795, 4766.49788286554, 888.973061444605,
802.0404440096995, 179.4442603739117, 189.994696687148, 927.4328748822326,
3099.178207735637, 542.4302867745652, 432.9637669483164, 182.28204718276118,
202.94074343865725, 745.4641001666115, 925.789920112594, 566.868285273961,
838.8957832631291, 216.85627989749003, 728.3784897151397, 922.6588001591498,
201.29756860521445, 331.8495723123798, 1498.671223946099, 539.6080762225563,
747.9149435599825, 778.5256787011981, 367.4866846540555, 330.0325419087875,
110.44326574594811, 1026.6164829718903, 747.0512030565615, 372.998993030388,
491.7239668488569, 253.62495533035946, 757.5193489753487, 904.3839893680645,
591.7826026515813, 640.7890894942651, 682.3047214808596, 861.2872214834872,
237.7810042445022, 9075.74010024203, 338.5008053866258, 3636.567547868556,
4542.136713160071, 2879.028975141916, 266.2866807077909, 313.19017075648424,
4161.621003998875, 198.03016240540805, 753.9063298777779, 353.11240131137725,
207.16335413535074, 349.78786141136413, 343.7417426315648, 151.676823027459,
835.534611175489, 598.5323534911862, 437.644635772749, 664.778856440311,
1871.4961173706279, 140.45804860892065, 9508.831009920226, 210.57264722727552,
884.5794129452157, 2166.971575948166, 105.46268780627285, 4578.076282122867,
1543.3773703350373, 283.8172511492362, 895.3284437458377, 340.8988092770477,
839.8011357771807, 3525.65962122019, 1504.6406975999328, 1293.5500717619855,
225.31126753704012, 108.73338077459312, 1856.7132101592406, 536.3974905382324,
910.29471722471, 626.125785306761, 5745.6678560348755, 593.1385513130957,
283.2171833293538, 692.5560562242769],
    "latency_matrix": [
      [0.0, 999999.0, 999999.0, 999999.0, 999999.0, 0.00045673586847825133, 999999.0,
999999.0, 999999.0, 999999.0, 999999.0, 999999.0, 999999.0,
0.0004510886226728125, 999999.0, 0.00033362214164752975, 999999.0, 999999.0,
999999.0, 0.00037537130895049387, 0.00045104249705912413, 999999.0, 999999.0,
999999.0, 999999.0, 999999.0, 999999.0, 999999.0, 999999.0, 999999.0, 999999.0,
999999.0, 999999.0, 0.0005746269998381292, 999999.0, 999999.0, 999999.0,
999999.0, 0.000706885523657194, 999999.0, 999999.0, 999999.0, 999999.0,
999999.0, 999999.0, 0.0002948004045257743, 999999.0, 999999.0, 999999.0,
0.0004698714929962678, 0.0007610912593475089, 999999.0, 999999.0, 999999.0,
0.0005312398580698049, 999999.0, 999999.0, 999999.0, 999999.0, 999999.0,
999999.0, 999999.0, 999999.0, 999999.0, 999999.0, 999999.0,
0.0005171526120895669, 999999.0, 999999.0, 999999.0, 999999.0, 999999.0,
0.0008551576442684087, 999999.0, 999999.0, 999999.0, 999999.0, 999999.0,
999999.0, 999999.0, 999999.0, 999999.0, 999999.0, 999999.0, 999999.0, 999999.0,
0.0008353805770722282, 999999.0, 999999.0, 999999.0, 999999.0, 999999.0,
999999.0, 0.000666673340431382, 999999.0, 999999.0, 999999.0, 999999.0,
999999.0, 999999.0, 999999.0, 999999.0, 999999.0, 999999.0, 999999.0, 999999.0,
999999.0, 0.0007152558923309662, 0.000895796404655724, 0.0009057764575703156,
999999.0, 999999.0, 999999.0, 999999.0, 999999.0, 999999.0, 999999.0, 999999.0,
999999.0, 999999.0, 999999.0, 999999.0, 999999.0, 999999.0,
0.0009741182744775216, 999999.0, 999999.0, 999999.0, 999999.0,
0.0009414439255155632, 999999.0, 999999.0, 0.00023376808368212362, 999999.0,
999999.0, 999999.0, 999999.0, 0.0007710455746553597, 999999.0,
0.0009264638741821191, 999999.0, 999999.0, 0.0006948218926172605, 999999.0,
999999.0, 999999.0, 999999.0, 999999.0, 999999.0, 999999.0],
      [999999.0, 0.0, 999999.0, 999999.0, 999999.0, 0.000975248802014587, 999999.0,
999999.0, 999999.0, 999999.0, 999999.0, 999999.0, 999999.0,
0.0008387004652158593, 999999.0, 0.0009368542803183739, 999999.0, 999999.0,
999999.0, 0.0006103735949609754, 0.00029674089719548336, 999999.0, 999999.0,
999999.0, 999999.0, 999999.0, 999999.0, 999999.0, 999999.0, 999999.0, 999999.0,
999999.0, 999999.0, 999999.0, 999999.0, 999999.0, 999999.0, 999999.0,
0.0009063650646097368, 999999.0, 999999.0, 999999.0, 999999.0, 999999.0,
999999.0, 0.00023044436512176383, 999999.0, 999999.0, 0.0003144696421426952,
0.0005964309072084297, 0.0003006886708534496, 999999.0, 999999.0, 999999.0,
0.0009685143612131647, 999999.0, 999999.0, 999999.0, 999999.0, 999999.0,
999999.0, 999999.0, 999999.0, 999999.0, 999999.0, 999999.0,
0.0006777665706168663, 999999.0, 999999.0, 999999.0, 999999.0, 999999.0,
0.000867364324968006, 999999.0, 999999.0, 999999.0, 999999.0, 999999.0,
999999.0, 999999.0, 999999.0, 999999.0, 999999.0, 999999.0, 999999.0, 999999.0,
0.00042940794564176924, 999999.0, 999999.0, 999999.0, 999999.0, 999999.0,
999999.0, 0.00032801762721510413, 999999.0, 999999.0, 999999.0, 999999.0,
999999.0, 999999.0, 999999.0, 999999.0, 999999.0, 999999.0, 999999.0, 999999.0,
999999.0, 999999.0, 0.0003596021692657287, 999999.0, 999999.0, 999999.0,
0.0004164034599595999, 999999.0, 999999.0, 999999.0, 999999.0, 999999.0,
999999.0, 999999.0, 999999.0, 999999.0, 999999.0, 999999.0,
0.0007139428568555241, 999999.0, 999999.0, 999999.0, 999999.0,
0.0003111268641479451, 999999.0, 0.0008511910992986085, 999999.0, 999999.0,
999999.0, 999999.0, 999999.0, 0.0002876348839426097, 999999.0,
0.00032627344419552473, 999999.0, 999999.0, 0.0003001977647838427, 999999.0,
999999.0, 999999.0, 999999.0, 999999.0, 999999.0, 999999.0],
      [999999.0, 999999.0, 0.0, 999999.0, 999999.0, 999999.0, 999999.0, 999999.0,
999999.0, 999999.0, 999999.0, 999999.0, 999999.0, 0.0009507201576888769,
999999.0, 0.00034812182999422825, 999999.0, 999999.0, 999999.0,
0.00047920288847178353, 0.0002779933208563069, 999999.0, 999999.0, 999999.0,
999999.0, 999999.0, 999999.0, 999999.0, 999999.0, 999999.0, 999999.0, 999999.0,
999999.0, 0.0007476628365932522, 999999.0, 999999.0, 999999.0, 999999.0,
999999.0, 999999.0, 999999.0, 999999.0, 999999.0, 999999.0, 999999.0,
0.0008226324906571564, 999999.0, 999999.0, 0.0005486781394865508,
0.0009411373645831547, 0.0006152129625655021, 999999.0, 999999.0, 999999.0,
0.0003890815706374173, 999999.0, 999999.0, 999999.0, 999999.0, 999999.0,
999999.0, 999999.0, 999999.0, 999999.0, 999999.0, 999999.0, 999999.0, 999999.0,
999999.0, 999999.0, 999999.0, 999999.0, 0.0007952221075124624, 999999.0,
999999.0, 999999.0, 999999.0, 999999.0, 999999.0, 999999.0, 999999.0, 999999.0,
999999.0, 999999.0, 999999.0, 999999.0, 0.0009079337656328193, 999999.0,
999999.0, 999999.0, 999999.0, 999999.0, 999999.0, 0.00040732674200164465,
999999.0, 999999.0, 999999.0, 999999.0, 999999.0, 999999.0, 999999.0, 999999.0,
999999.0, 999999.0, 999999.0, 999999.0, 999999.0, 0.0008327579340389273,
999999.0, 0.0003997475453196108, 999999.0, 999999.0, 0.00035350579864761126,
999999.0, 999999.0, 999999.0, 999999.0, 999999.0, 999999.0, 999999.0, 999999.0,
999999.0, 999999.0, 999999.0, 0.00027285372255258795, 999999.0, 999999.0,
999999.0, 999999.0, 999999.0, 999999.0, 0.0005948450053917172,
0.0006185574526853379, 999999.0, 999999.0, 999999.0, 999999.0, 999999.0,
0.0005053611175072195, 0.0005773859601020397, 999999.0, 999999.0,
0.0005233664195918327, 999999.0, 999999.0, 999999.0, 999999.0, 999999.0,
999999.0, 999999.0],
      [999999.0, 999999.0, 999999.0, 0.0, 999999.0, 0.0005059588338087998, 999999.0,
999999.0, 999999.0, 999999.0, 999999.0, 999999.0, 999999.0,
0.0002280034097667783, 999999.0, 0.00045678928084855294, 999999.0, 999999.0,
999999.0, 0.0006680973011590703, 0.0003608678671007236, 999999.0, 999999.0,
999999.0, 999999.0, 999999.0, 999999.0, 999999.0, 999999.0, 999999.0, 999999.0,
999999.0, 999999.0, 0.0008277507416465857, 999999.0, 999999.0, 999999.0,
999999.0, 0.0006187855957416444, 999999.0, 999999.0, 999999.0, 999999.0,
999999.0, 999999.0, 0.0005013133800446418, 999999.0, 999999.0,
0.0004743626629916482, 0.0005454586159000404, 0.0005970774281309867, 999999.0,
999999.0, 999999.0, 0.0005710079408990714, 999999.0, 999999.0, 999999.0,
999999.0, 999999.0, 999999.0, 999999.0, 999999.0, 999999.0, 999999.0, 999999.0,
999999.0, 999999.0, 999999.0, 999999.0, 999999.0, 999999.0,
0.0008457953414292783, 999999.0, 999999.0, 999999.0, 999999.0, 999999.0,
999999.0, 999999.0, 999999.0, 999999.0, 999999.0, 999999.0, 999999.0, 999999.0,
999999.0, 999999.0, 999999.0, 999999.0, 999999.0, 999999.0, 999999.0, 999999.0,
999999.0, 999999.0, 999999.0, 999999.0, 999999.0, 999999.0, 999999.0, 999999.0,
999999.0, 999999.0, 999999.0, 999999.0, 999999.0, 0.0006741626972556596,
999999.0, 999999.0, 999999.0, 999999.0, 0.00036653400397741937, 999999.0,
999999.0, 999999.0, 999999.0, 999999.0, 999999.0, 999999.0, 999999.0, 999999.0,
999999.0, 999999.0, 999999.0, 999999.0, 999999.0, 999999.0, 999999.0,
0.0002961745324720748, 999999.0, 0.00020770797801573107, 0.0002867478345885139,
999999.0, 999999.0, 999999.0, 999999.0, 0.0005538999091508308,
0.0005857329919594852, 0.0004802217384472791, 999999.0, 999999.0,
0.0004947289276297511, 999999.0, 999999.0, 999999.0, 999999.0, 999999.0,
999999.0, 999999.0],
      [999999.0, 999999.0, 999999.0, 999999.0, 0.0, 0.0009375427743015353, 999999.0,
999999.0, 999999.0, 999999.0, 999999.0, 999999.0, 999999.0, 999999.0, 999999.0,
0.0004519787929466654, 999999.0, 999999.0, 999999.0, 0.0006781696794298212,
0.00040511237892541265, 999999.0, 999999.0, 999999.0, 999999.0, 999999.0,
999999.0, 999999.0, 999999.0, 999999.0, 999999.0, 999999.0, 999999.0,
0.0005180443638031906, 999999.0, 999999.0, 999999.0, 999999.0,
0.0006128517392587169, 999999.0, 999999.0, 999999.0, 999999.0, 999999.0,
999999.0, 0.0007635142472113229, 999999.0, 999999.0, 0.0008194329341738892,
0.0005430886278624914, 999999.0, 999999.0, 999999.0, 999999.0,
0.0007927918642490333, 999999.0, 999999.0, 999999.0, 999999.0, 999999.0,
999999.0, 999999.0, 999999.0, 999999.0, 999999.0, 999999.0,
0.00064185595834904, 999999.0, 999999.0, 999999.0, 999999.0, 999999.0,
0.0002989656227749061, 999999.0, 999999.0, 999999.0, 999999.0, 999999.0,
999999.0, 999999.0, 999999.0, 999999.0, 999999.0, 999999.0, 999999.0, 999999.0,
0.0008147794485015828, 999999.0, 999999.0, 999999.0, 999999.0, 999999.0,
999999.0, 999999.0, 999999.0, 999999.0, 999999.0, 999999.0, 999999.0, 999999.0,
999999.0, 999999.0, 999999.0, 999999.0, 999999.0, 999999.0, 999999.0,
0.0008942978789862895, 0.00039438207230664465, 0.000718951927758219, 999999.0,
999999.0, 999999.0, 999999.0, 999999.0, 999999.0, 999999.0, 999999.0, 999999.0,
999999.0, 999999.0, 999999.0, 999999.0, 999999.0, 0.0008092415668149326,
999999.0, 999999.0, 999999.0, 999999.0, 0.00027030562440138073, 999999.0,
0.0008107960034955135, 999999.0, 999999.0, 999999.0, 999999.0, 999999.0,
0.0005372044249037365, 999999.0, 0.0009827499630870613, 999999.0, 999999.0,
0.0005819809013119477, 999999.0, 999999.0, 999999.0, 999999.0, 999999.0,
999999.0, 999999.0],
      [0.00045673586847825133, 0.000975248802014587, 999999.0, 0.0005059588338087998,
0.0009375427743015353, 0.0, 0.0002078228247045111, 0.0003280298573655753,
0.0003701461994122452, 0.0005440798123180779, 0.00027579790169517094,
0.0005878679531942264, 0.00042912543019641303, 0.0016589694679026907,
0.0005570427247180903, 0.004337242328992788, 0.0005891696979656061,
0.0004491510060785444, 0.0007673220579691671, 0.0028139891783637277, 999999.0,
0.00040169370595929374, 0.0006010717992087959, 999999.0,
0.00040808074608520784, 0.001485470399034963, 0.000631691808919692,
0.0008528791504136893, 0.0006976764289358574, 999999.0, 0.0007645011711586667,
999999.0, 0.0007323663383368009, 0.0016844010522718618, 999999.0,
0.0003284489677825459, 999999.0, 999999.0, 0.004932265658091113, 999999.0,
0.0003893541381478578, 0.00034363155895457284, 0.00034470269001075774,
0.0015649311871151002, 0.00034382884700941325, 999999.0, 0.0006341417224355171,
0.0005570594569866182, 999999.0, 0.003982323118312415, 999999.0,
0.0008506001060285916, 999999.0, 0.0005425864665643104, 999999.0,
0.00033205628560378016, 0.0009402816255111622, 999999.0, 0.0003971373221487918,
0.0004663181795198952, 0.00022490095597422615, 0.0005241754674037057, 999999.0,
0.00028559737408809786, 0.00020409266781707506, 999999.0,
0.0032591683320224944, 0.0009577335128394733, 0.0006699101723228528,
0.0005867291061011225, 0.00035824007599407606, 999999.0, 0.0023022454473366418,
0.0008758009106392352, 0.0008602928382661164, 999999.0, 0.0006962523411545549,
0.0007610281313285781, 999999.0, 0.0007032789338107148, 0.0004090603810668676,
999999.0, 0.0007553670080153283, 0.000411531769241467, 0.0009752089195514469,
0.0009780045220787355, 0.002366000076728042, 0.00037765146459871216,
0.000465486831969666, 0.0007881165791351829, 0.0007387685004142353, 999999.0,
999999.0, 999999.0, 0.00029187573928821965, 999999.0, 999999.0,
0.0008051070800933721, 0.00029299358152922806, 999999.0, 0.0007749752267072679,
0.000433063411317601, 0.0006072192860202703, 0.0005387739663751466,
0.0009930506732224297, 0.007407701775249412, 0.0009372944334858674, 999999.0,
999999.0, 999999.0, 0.0003989064767684537, 0.0003685205896444381, 999999.0,
999999.0, 999999.0, 0.0006816780577564196, 999999.0, 0.0005930845962794541,
999999.0, 0.0008868688356822726, 0.0003632896667498623, 0.00044579601720213917,
999999.0, 0.00041654166237579704, 999999.0, 0.000487243395573935,
0.0022856428432126387, 0.0008382238845911726, 999999.0, 0.0021459208681616306,
0.0006168671983254005, 999999.0, 999999.0, 999999.0, 999999.0,
0.0005981821666252784, 0.00071845195328466, 999999.0, 0.0023658829577162866,
999999.0, 999999.0, 999999.0, 0.004721936344734532, 0.0009380881795701737,
0.0003307124951893598, 0.0008010850930855588, 0.0023204866679134295,
0.000448364586255106, 0.0006803852399163222, 0.0003690421606443318],
      [999999.0, 999999.0, 999999.0, 999999.0, 999999.0, 0.0002078228247045111, 0.0,
999999.0, 999999.0, 999999.0, 999999.0, 999999.0, 999999.0, 999999.0, 999999.0,
0.0006839304455673492, 999999.0, 999999.0, 999999.0, 0.0003974859580713728,
0.0003671829607076343, 999999.0, 999999.0, 999999.0, 999999.0, 999999.0,
999999.0, 999999.0, 999999.0, 999999.0, 999999.0, 999999.0, 999999.0, 999999.0,
999999.0, 999999.0, 999999.0, 999999.0, 999999.0, 999999.0, 999999.0, 999999.0,
999999.0, 999999.0, 999999.0, 0.00025299642921107815, 999999.0, 999999.0,
0.0006477636665457449, 0.0008297738497956356, 999999.0, 999999.0, 999999.0,
999999.0, 0.0008680437357847543, 999999.0, 999999.0, 999999.0, 999999.0,
999999.0, 999999.0, 999999.0, 999999.0, 999999.0, 999999.0, 999999.0, 999999.0,
999999.0, 999999.0, 999999.0, 999999.0, 999999.0, 0.000677138956956915,
999999.0, 999999.0, 999999.0, 999999.0, 999999.0, 999999.0, 999999.0, 999999.0,
999999.0, 999999.0, 999999.0, 999999.0, 999999.0, 0.0004973376164819402,
999999.0, 999999.0, 999999.0, 999999.0, 999999.0, 999999.0,
0.00043192296990975055, 999999.0, 999999.0, 999999.0, 999999.0, 999999.0,
999999.0, 999999.0, 999999.0, 999999.0, 999999.0, 999999.0, 999999.0, 999999.0,
999999.0, 0.00022533697948506895, 0.00032912091391401393, 999999.0, 999999.0,
0.00045918026057479677, 999999.0, 999999.0, 999999.0, 999999.0, 999999.0,
999999.0, 999999.0, 999999.0, 999999.0, 999999.0, 999999.0, 999999.0, 999999.0,
999999.0, 999999.0, 999999.0, 0.0007834746042238483, 999999.0,
0.0002991426693155418, 999999.0, 999999.0, 999999.0, 999999.0, 999999.0,
0.00033166355222728, 999999.0, 999999.0, 999999.0, 999999.0, 999999.0,
999999.0, 999999.0, 999999.0, 999999.0, 999999.0, 999999.0, 999999.0],
      [999999.0, 999999.0, 999999.0, 999999.0, 999999.0, 0.0003280298573655753,
999999.0, 0.0, 999999.0, 999999.0, 999999.0, 999999.0, 999999.0,
0.0005266842269620612, 999999.0, 0.0004557243117624749, 999999.0, 999999.0,
999999.0, 999999.0, 0.0005965104026751685, 999999.0, 999999.0, 999999.0,
999999.0, 999999.0, 999999.0, 999999.0, 999999.0, 999999.0, 999999.0, 999999.0,
999999.0, 0.0008850810584658918, 999999.0, 999999.0, 999999.0, 999999.0,
0.00036942756605742085, 999999.0, 999999.0, 999999.0, 999999.0, 999999.0,
999999.0, 0.00033772487279843354, 999999.0, 999999.0, 0.0007013684994537476,
999999.0, 0.00023145546456699827, 999999.0, 999999.0, 999999.0,
0.0008556510574917291, 999999.0, 999999.0, 999999.0, 999999.0, 999999.0,
999999.0, 999999.0, 999999.0, 999999.0, 999999.0, 999999.0,
0.0009048096072269171, 999999.0, 999999.0, 999999.0, 999999.0, 999999.0,
0.0009754631884504561, 999999.0, 999999.0, 999999.0, 999999.0, 999999.0,
999999.0, 999999.0, 999999.0, 999999.0, 999999.0, 999999.0, 999999.0, 999999.0,
0.0003686996279030823, 999999.0, 999999.0, 999999.0, 999999.0, 999999.0,
999999.0, 0.0005819724939199813, 999999.0, 999999.0, 999999.0, 999999.0,
999999.0, 999999.0, 999999.0, 999999.0, 999999.0, 999999.0, 999999.0, 999999.0,
999999.0, 0.000292535524411403, 0.0007670742265147184, 0.0007515106213876332,
999999.0, 999999.0, 0.00042018446916189866, 999999.0, 999999.0, 999999.0,
999999.0, 999999.0, 999999.0, 999999.0, 999999.0, 999999.0, 999999.0, 999999.0,
0.0006419731105275417, 999999.0, 999999.0, 999999.0, 999999.0, 999999.0,
999999.0, 0.0009309609470683445, 0.00027099715587761483, 999999.0, 999999.0,
999999.0, 999999.0, 0.00045619890170829603, 0.000491967636033861,
0.00046332313616073196, 999999.0, 999999.0, 999999.0, 999999.0, 999999.0,
999999.0, 999999.0, 999999.0, 999999.0, 999999.0],
      [999999.0, 999999.0, 999999.0, 999999.0, 999999.0, 0.0003701461994122452,
999999.0, 999999.0, 0.0, 999999.0, 999999.0, 999999.0, 999999.0,
0.00028849209764525224, 999999.0, 999999.0, 999999.0, 999999.0, 999999.0,
0.0006985594023119517, 999999.0, 999999.0, 999999.0, 999999.0, 999999.0,
999999.0, 999999.0, 999999.0, 999999.0, 999999.0, 999999.0, 999999.0, 999999.0,
0.0007362724338599654, 999999.0, 999999.0, 999999.0, 999999.0,
0.000310829407057003, 999999.0, 999999.0, 999999.0, 999999.0, 999999.0,
999999.0, 0.0008132233849750848, 999999.0, 999999.0, 999999.0,
0.00021198387070981228, 0.0004227863139201139, 999999.0, 999999.0, 999999.0,
0.0003308405341441252, 999999.0, 999999.0, 999999.0, 999999.0, 999999.0,
999999.0, 999999.0, 999999.0, 999999.0, 999999.0, 999999.0,
0.0003031882298225688, 999999.0, 999999.0, 999999.0, 999999.0, 999999.0,
0.00023185029532797624, 999999.0, 999999.0, 999999.0, 999999.0, 999999.0,
999999.0, 999999.0, 999999.0, 999999.0, 999999.0, 999999.0, 999999.0, 999999.0,
999999.0, 999999.0, 999999.0, 999999.0, 999999.0, 999999.0, 999999.0, 999999.0,
999999.0, 999999.0, 999999.0, 999999.0, 999999.0, 999999.0, 999999.0, 999999.0,
999999.0, 999999.0, 999999.0, 999999.0, 999999.0, 0.00022566256405746277,
0.0008636827909805851, 999999.0, 999999.0, 999999.0, 0.00021586752456613764,
999999.0, 999999.0, 999999.0, 999999.0, 999999.0, 999999.0, 999999.0, 999999.0,
999999.0, 999999.0, 999999.0, 999999.0, 999999.0, 999999.0, 999999.0, 999999.0,
0.0009903947735972797, 999999.0, 999999.0, 0.0009641349649262627, 999999.0,
999999.0, 999999.0, 999999.0, 0.0007669895889934524, 0.0008962747822536387,
999999.0, 999999.0, 999999.0, 0.0006075447931907724, 999999.0, 999999.0,
999999.0, 999999.0, 999999.0, 999999.0, 999999.0],
      [999999.0, 999999.0, 999999.0, 999999.0, 999999.0, 0.0005440798123180779,
999999.0, 999999.0, 999999.0, 0.0, 999999.0, 999999.0, 999999.0,
0.0006758870271348288, 999999.0, 0.0009539979983206438, 999999.0, 999999.0,
999999.0, 0.00042244641034440455, 999999.0, 999999.0, 999999.0, 999999.0,
999999.0, 999999.0, 999999.0, 999999.0, 999999.0, 999999.0, 999999.0, 999999.0,
999999.0, 0.0008486973204408941, 999999.0, 999999.0, 999999.0, 999999.0,
999999.0, 999999.0, 999999.0, 999999.0, 999999.0, 999999.0, 999999.0,
0.0008209807041643541, 999999.0, 999999.0, 0.0004272735937055235, 999999.0,
999999.0, 999999.0, 999999.0, 999999.0, 0.0008301696400786777, 999999.0,
999999.0, 999999.0, 999999.0, 999999.0, 999999.0, 999999.0, 999999.0, 999999.0,
999999.0, 999999.0, 999999.0, 999999.0, 999999.0, 999999.0, 999999.0, 999999.0,
999999.0, 999999.0, 999999.0, 999999.0, 999999.0, 999999.0, 999999.0, 999999.0,
999999.0, 999999.0, 999999.0, 999999.0, 999999.0, 999999.0,
0.0006990296720983471, 999999.0, 999999.0, 999999.0, 999999.0, 999999.0,
999999.0, 0.0008148616299137755, 999999.0, 999999.0, 999999.0, 999999.0,
999999.0, 999999.0, 999999.0, 999999.0, 999999.0, 999999.0, 999999.0, 999999.0,
999999.0, 0.0002459149541918714, 999999.0, 999999.0, 999999.0, 999999.0,
0.0009632420930036379, 999999.0, 999999.0, 999999.0, 999999.0, 999999.0,
999999.0, 999999.0, 999999.0, 999999.0, 999999.0, 999999.0, 999999.0, 999999.0,
999999.0, 999999.0, 999999.0, 999999.0, 999999.0, 0.0008055074247187864,
999999.0, 999999.0, 999999.0, 999999.0, 999999.0, 0.0007575443436292598,
0.0009897103640277194, 0.0007652216947327722, 999999.0, 999999.0, 999999.0,
999999.0, 999999.0, 999999.0, 999999.0, 999999.0, 999999.0, 999999.0],
      [999999.0, 999999.0, 999999.0, 999999.0, 999999.0, 0.00027579790169517094,
999999.0, 999999.0, 999999.0, 999999.0, 0.0, 999999.0, 999999.0,
0.0006711463054384242, 999999.0, 999999.0, 999999.0, 999999.0, 999999.0,
999999.0, 0.00020351445082243542, 999999.0, 999999.0, 999999.0, 999999.0,
999999.0, 999999.0, 999999.0, 999999.0, 999999.0, 999999.0, 999999.0, 999999.0,
0.0003051440375380995, 999999.0, 999999.0, 999999.0, 999999.0, 999999.0,
999999.0, 999999.0, 999999.0, 999999.0, 999999.0, 999999.0,
0.0004223194338294489, 999999.0, 999999.0, 0.00052074958404094,
0.00047507073005939983, 0.0007108851025304924, 999999.0, 999999.0, 999999.0,
0.0006614603173985982, 999999.0, 999999.0, 999999.0, 999999.0, 999999.0,
999999.0, 999999.0, 999999.0, 999999.0, 999999.0, 999999.0,
0.0008216315527133933, 999999.0, 999999.0, 999999.0, 999999.0, 999999.0,
0.000640582874324246, 999999.0, 999999.0, 999999.0, 999999.0, 999999.0,
999999.0, 999999.0, 999999.0, 999999.0, 999999.0, 999999.0, 999999.0, 999999.0,
999999.0, 999999.0, 999999.0, 999999.0, 999999.0, 999999.0, 999999.0,
0.0004198360583847584, 999999.0, 999999.0, 999999.0, 999999.0, 999999.0,
999999.0, 999999.0, 999999.0, 999999.0, 999999.0, 999999.0, 999999.0, 999999.0,
0.0008248956507928325, 0.0004617566705867708, 0.00043965246271830205, 999999.0,
999999.0, 999999.0, 999999.0, 999999.0, 999999.0, 999999.0, 999999.0, 999999.0,
999999.0, 999999.0, 999999.0, 999999.0, 999999.0, 0.00046051955545645953,
999999.0, 999999.0, 999999.0, 999999.0, 999999.0, 999999.0,
0.0006454747811844268, 999999.0, 999999.0, 999999.0, 999999.0, 999999.0,
0.00024321427510773922, 999999.0, 0.0008127584998152345, 999999.0, 999999.0,
0.0007178551194738518, 999999.0, 999999.0, 999999.0, 999999.0, 999999.0,
999999.0, 999999.0],
      [999999.0, 999999.0, 999999.0, 999999.0, 999999.0, 0.0005878679531942264,
999999.0, 999999.0, 999999.0, 999999.0, 999999.0, 0.0, 999999.0,
0.00097100038534274, 999999.0, 999999.0, 999999.0, 999999.0, 999999.0,
0.0006925013561771195, 0.00027875255555561394, 999999.0, 999999.0, 999999.0,
999999.0, 999999.0, 999999.0, 999999.0, 999999.0, 999999.0, 999999.0, 999999.0,
999999.0, 0.0005148738002602698, 999999.0, 999999.0, 999999.0, 999999.0,
0.0003857980112841108, 999999.0, 999999.0, 999999.0, 999999.0, 999999.0,
999999.0, 999999.0, 999999.0, 999999.0, 0.0006221081648154057,
0.000526430130345923, 0.0007702587388833456, 999999.0, 999999.0, 999999.0,
0.0009662384333094362, 999999.0, 999999.0, 999999.0, 999999.0, 999999.0,
999999.0, 999999.0, 999999.0, 999999.0, 999999.0, 999999.0,
0.00021747301257713474, 999999.0, 999999.0, 999999.0, 999999.0, 999999.0,
0.00038155356415125726, 999999.0, 999999.0, 999999.0, 999999.0, 999999.0,
999999.0, 999999.0, 999999.0, 999999.0, 999999.0, 999999.0, 999999.0, 999999.0,
0.0004240799201192387, 999999.0, 999999.0, 999999.0, 999999.0, 999999.0,
999999.0, 0.0005607989125026458, 999999.0, 999999.0, 999999.0, 999999.0,
999999.0, 999999.0, 999999.0, 999999.0, 999999.0, 999999.0, 999999.0, 999999.0,
999999.0, 0.0007816499490341719, 999999.0, 999999.0, 999999.0, 999999.0,
0.0003478476322108363, 999999.0, 999999.0, 999999.0, 999999.0, 999999.0,
999999.0, 999999.0, 999999.0, 999999.0, 999999.0, 999999.0,
0.0009397922164008241, 999999.0, 999999.0, 999999.0, 999999.0,
0.0009556722544585992, 999999.0, 0.0009975435479366672, 0.0006779511487894576,
999999.0, 999999.0, 999999.0, 999999.0, 0.0005946782584933406,
0.0002961838823598365, 0.0007563410202690014, 999999.0, 999999.0,
0.0004271468094411855, 999999.0, 999999.0, 999999.0, 999999.0, 999999.0,
999999.0, 999999.0],
      [999999.0, 999999.0, 999999.0, 999999.0, 999999.0, 0.00042912543019641303,
999999.0, 999999.0, 999999.0, 999999.0, 999999.0, 999999.0, 0.0, 999999.0,
999999.0, 0.00027217886781799995, 999999.0, 999999.0, 999999.0,
0.00037611281441089837, 999999.0, 999999.0, 999999.0, 999999.0, 999999.0,
999999.0, 999999.0, 999999.0, 999999.0, 999999.0, 999999.0, 999999.0, 999999.0,
0.0003909796209211933, 999999.0, 999999.0, 999999.0, 999999.0, 999999.0,
999999.0, 999999.0, 999999.0, 999999.0, 999999.0, 999999.0,
0.0003115455629355313, 999999.0, 999999.0, 0.00022652223373461144,
0.0009144561437487494, 0.0007706669886315302, 999999.0, 999999.0, 999999.0,
0.0002119696492937804, 999999.0, 999999.0, 999999.0, 999999.0, 999999.0,
999999.0, 999999.0, 999999.0, 999999.0, 999999.0, 999999.0,
0.0004996845260435706, 999999.0, 999999.0, 999999.0, 999999.0, 999999.0,
0.0009820410334897493, 999999.0, 999999.0, 999999.0, 999999.0, 999999.0,
999999.0, 999999.0, 999999.0, 999999.0, 999999.0, 999999.0, 999999.0, 999999.0,
0.00020062573312502982, 999999.0, 999999.0, 999999.0, 999999.0, 999999.0,
999999.0, 0.00029096734074812725, 999999.0, 999999.0, 999999.0, 999999.0,
999999.0, 999999.0, 999999.0, 999999.0, 999999.0, 999999.0, 999999.0, 999999.0,
999999.0, 0.0005459358980111572, 0.0006816924979290929, 0.0009999689206369724,
999999.0, 999999.0, 999999.0, 999999.0, 999999.0, 999999.0, 999999.0, 999999.0,
999999.0, 999999.0, 999999.0, 999999.0, 999999.0, 999999.0,
0.0007370249643972405, 999999.0, 999999.0, 999999.0, 999999.0,
0.0007252678257558879, 999999.0, 999999.0, 0.00023475493924890635, 999999.0,
999999.0, 999999.0, 999999.0, 999999.0, 999999.0, 0.0007940361105772964,
999999.0, 999999.0, 0.00024560311493219977, 999999.0, 999999.0, 999999.0,
999999.0, 999999.0, 999999.0, 999999.0],
      [0.0004510886226728125, 0.0008387004652158593, 0.0009507201576888769,
0.0002280034097667783, 999999.0, 0.0016589694679026907, 999999.0,
0.0005266842269620612, 0.00028849209764525224, 0.0006758870271348288,
0.0006711463054384242, 0.00097100038534274, 999999.0, 0.0,
0.0007339101349694689, 999999.0, 999999.0, 0.0006301763867135856,
0.0005849525684632768, 0.004202106636749027, 999999.0, 999999.0, 999999.0,
999999.0, 0.0004835032515634085, 0.0010811905248414076, 0.00020408436059902302,
0.0007281842944510061, 0.0005588705542254558, 999999.0, 0.0009145285106590486,
999999.0, 0.0009982980658348414, 999999.0, 999999.0, 0.00029652712279542784,
999999.0, 0.00041188454753259864, 0.0012207483276087407, 0.005015395009402403,
999999.0, 0.00022332879059755602, 0.00021256911211921237, 0.006506701649795311,
0.0006073862556557456, 999999.0, 999999.0, 999999.0, 999999.0,
0.003247954148691543, 999999.0, 0.0007897079161696885, 0.0003922596028888525,
0.000967319073938864, 999999.0, 999999.0, 999999.0, 999999.0,
0.0006935522030914175, 0.0006315930957961536, 0.0005182080895670573,
0.00024010430701575043, 0.0007238988685072827, 999999.0, 999999.0,
0.0004881766793573962, 0.0015818265694643556, 0.0004266681716203918,
0.0006290071488427295, 999999.0, 0.000552065219634655, 999999.0,
0.0015484607135703816, 0.0008021665942774447, 0.0009857646661207704,
0.00022575626075430766, 999999.0, 0.000781786539484116, 999999.0, 999999.0,
0.0008443979860861091, 999999.0, 0.0008991116360965525, 0.0008161658706247856,
0.0003757384518164908, 0.0009071633528016275, 999999.0, 0.0008743308884383717,
0.0002807756176781461, 0.00041999617471112324, 999999.0, 0.0007739721873968137,
0.0002347817936955103, 0.0024144540968162043, 999999.0, 0.0009104295478760539,
0.0007264796017162702, 0.0008281206585541585, 0.0005503939530931397,
0.000915420477150695, 999999.0, 999999.0, 0.0005718763818344963, 999999.0,
0.0005076192295571409, 0.008231850305746552, 0.000575752494067507,
0.0010886584566576916, 999999.0, 999999.0, 0.00031218402455288275,
0.0008045782628261245, 999999.0, 0.0005618701525635988, 999999.0,
0.0005012239267218437, 999999.0, 999999.0, 0.0006374172361321761,
0.0009890525714121889, 999999.0, 999999.0, 0.0009685874371380361,
0.00021063266186553085, 0.004902567688044311, 0.00024170450934196054,
0.004525891918688053, 0.0008674346493790835, 0.00030282924759360096,
0.001740382543967761, 0.0008552978875025928, 999999.0, 0.0032209615987925733,
0.00023844990494003798, 999999.0, 999999.0, 999999.0, 0.003699476561558054,
999999.0, 0.001983851873996831, 999999.0, 0.0007405950043574611,
0.0027238690397272452, 0.0007162043912337746, 0.0003892772996308549,
0.0003323068630589137, 0.002343743693552645, 0.0004220849260556131, 999999.0,
999999.0],
      [999999.0, 999999.0, 999999.0, 999999.0, 999999.0, 0.0005570427247180903,
999999.0, 999999.0, 999999.0, 999999.0, 999999.0, 999999.0, 999999.0,
0.0007339101349694689, 0.0, 0.0005611275999028908, 999999.0, 999999.0,
999999.0, 0.00048653420311619785, 0.000970408234755977, 999999.0, 999999.0,
999999.0, 999999.0, 999999.0, 999999.0, 999999.0, 999999.0, 999999.0, 999999.0,
999999.0, 999999.0, 999999.0, 999999.0, 999999.0, 999999.0, 999999.0,
0.000560899767826072, 999999.0, 999999.0, 999999.0, 999999.0, 999999.0,
999999.0, 999999.0, 999999.0, 999999.0, 0.00028757201228175004, 999999.0,
0.0005187440837653611, 999999.0, 999999.0, 999999.0, 999999.0, 999999.0,
999999.0, 999999.0, 999999.0, 999999.0, 999999.0, 999999.0, 999999.0, 999999.0,
999999.0, 999999.0, 0.0009788116467111263, 999999.0, 999999.0, 999999.0,
999999.0, 999999.0, 999999.0, 999999.0, 999999.0, 999999.0, 999999.0, 999999.0,
999999.0, 999999.0, 999999.0, 999999.0, 999999.0, 999999.0, 999999.0, 999999.0,
999999.0, 999999.0, 999999.0, 999999.0, 999999.0, 999999.0, 999999.0,
0.0008836512728525552, 999999.0, 999999.0, 999999.0, 999999.0, 999999.0,
999999.0, 999999.0, 999999.0, 999999.0, 999999.0, 999999.0, 999999.0, 999999.0,
999999.0, 0.0006368413527035779, 0.00035008560933058586, 999999.0, 999999.0,
0.00048201932607652275, 999999.0, 999999.0, 999999.0, 999999.0, 999999.0,
999999.0, 999999.0, 999999.0, 999999.0, 999999.0, 999999.0,
0.00099151519715863, 999999.0, 999999.0, 999999.0, 999999.0,
0.00020809830386587846, 999999.0, 0.0006895189182028416, 0.0009137364285963243,
999999.0, 999999.0, 999999.0, 999999.0, 999999.0, 0.0006158681342546793,
0.0006715712010182665, 999999.0, 999999.0, 0.0005998200739424018, 999999.0,
999999.0, 999999.0, 999999.0, 999999.0, 999999.0, 999999.0],
      [0.00033362214164752975, 0.0009368542803183739, 0.00034812182999422825,
0.00045678928084855294, 0.0004519787929466654, 0.004337242328992788,
0.0006839304455673492, 0.0004557243117624749, 999999.0, 0.0009539979983206438,
999999.0, 999999.0, 0.00027217886781799995, 999999.0, 0.0005611275999028908,
0.0, 0.0006344623237561265, 0.000550876363948783, 0.0002982783396825105,
0.004764992987639011, 999999.0, 0.0008211770689317667, 0.00035139772976489785,
999999.0, 0.0002445900404495061, 0.008857985770027076, 0.0008487904024375729,
999999.0, 0.0007408112190796423, 0.0006707619786526006, 0.0009612353583728522,
0.0007029883907378032, 0.00021352092819289795, 999999.0, 0.0007867572119503369,
0.0008691862055841777, 0.0004183634727390005, 0.000973946143464976,
0.003065943202420973, 0.009842639133216462, 999999.0, 999999.0,
0.0006984151840939109, 0.0038222468743797427, 0.0005537693731772102,
0.0049753584056129365, 0.0007418188570499306, 0.0003949075338147242, 999999.0,
999999.0, 999999.0, 0.0003832183685575319, 999999.0, 0.0007573061201480082,
0.004891792279546978, 0.0004309709393858456, 999999.0, 999999.0,
0.00020827899859943413, 999999.0, 0.0005989532776261835, 999999.0,
0.0009305707965724242, 0.00023665345246883041, 0.0005720586430683276,
0.0008803875242619831, 0.004988235739255097, 999999.0, 999999.0,
0.00046254021803265074, 0.0007082142541193186, 0.00024053198444128673,
999999.0, 999999.0, 999999.0, 0.00023608511243485282, 0.0008071516442930581,
999999.0, 999999.0, 0.0009438985718522975, 0.00034422596435442464,
0.0009093100423921988, 0.0009141693031879378, 0.00043369147652606496,
0.0007444365868304776, 0.0008925334699804862, 999999.0, 0.0006467748847978224,
0.00045765166504232763, 0.0002249526032898227, 0.00048356640001244694,
0.0006091417172478167, 0.0003723295278603013, 999999.0, 999999.0, 999999.0,
0.0007149807887197408, 999999.0, 0.0003327130138782793, 0.0009988060780521159,
0.0005083901375710393, 999999.0, 0.00039107825777394075, 999999.0,
0.00069168228045582, 0.002180227834068426, 0.00021851301093987567,
0.004319233773348559, 999999.0, 999999.0, 0.0004236025714571696,
0.0007602822309608119, 0.0022093254127839987, 0.00026346213217574204, 999999.0,
999999.0, 0.0002505893829479902, 0.00029808782959529474, 0.0005871662730584657,
0.0004346535567249549, 999999.0, 999999.0, 0.0009437430523070587,
0.0004405592765788529, 0.002338467368974544, 999999.0, 999999.0,
0.0005872616014469151, 0.0008481697087972855, 0.0012363165898402616, 999999.0,
0.0012290216962585255, 999999.0, 999999.0, 0.0007241851965168304,
0.0002409923589742501, 0.0005608460436225902, 0.0027787877930877877,
0.00421577706337123, 999999.0, 0.0004069493108463504, 0.0005833982485272669,
999999.0, 0.0002606068674867398, 0.000619770866050323, 0.0009144938223657808,
0.007102696858927013, 999999.0, 0.000374047818841284, 0.0009242593918393598],
      [999999.0, 999999.0, 999999.0, 999999.0, 999999.0, 0.0005891696979656061,
999999.0, 999999.0, 999999.0, 999999.0, 999999.0, 999999.0, 999999.0, 999999.0,
999999.0, 0.0006344623237561265, 0.0, 999999.0, 999999.0,
0.0008237633067712079, 999999.0, 999999.0, 999999.0, 999999.0, 999999.0,
999999.0, 999999.0, 999999.0, 999999.0, 999999.0, 999999.0, 999999.0, 999999.0,
999999.0, 999999.0, 999999.0, 999999.0, 999999.0, 0.0005901962761830067,
999999.0, 999999.0, 999999.0, 999999.0, 999999.0, 999999.0,
0.0006425579334733298, 999999.0, 999999.0, 0.00042598993451100936,
0.00020552459155330906, 0.0006681982408009919, 999999.0, 999999.0, 999999.0,
0.0009795051723644186, 999999.0, 999999.0, 999999.0, 999999.0, 999999.0,
999999.0, 999999.0, 999999.0, 999999.0, 999999.0, 999999.0,
0.00053578396509471, 999999.0, 999999.0, 999999.0, 999999.0, 999999.0,
999999.0, 999999.0, 999999.0, 999999.0, 999999.0, 999999.0, 999999.0, 999999.0,
999999.0, 999999.0, 999999.0, 999999.0, 999999.0, 999999.0,
0.0005148024016568306, 999999.0, 999999.0, 999999.0, 999999.0, 999999.0,
999999.0, 999999.0, 999999.0, 999999.0, 999999.0, 999999.0, 999999.0, 999999.0,
999999.0, 999999.0, 999999.0, 999999.0, 999999.0, 999999.0, 999999.0,
0.0002595042650531005, 0.0008931784262243556, 0.0005055504004879226, 999999.0,
999999.0, 0.0005010000021610998, 999999.0, 999999.0, 999999.0, 999999.0,
999999.0, 999999.0, 999999.0, 999999.0, 999999.0, 999999.0, 999999.0, 999999.0,
999999.0, 999999.0, 999999.0, 999999.0, 0.0004909088608990788, 999999.0,
0.00043200027510245534, 999999.0, 999999.0, 999999.0, 999999.0, 999999.0,
0.0006882301505157263, 0.0006927708203555609, 0.0007040793955073457, 999999.0,
999999.0, 999999.0, 999999.0, 999999.0, 999999.0, 999999.0, 999999.0, 999999.0,
999999.0],
      [999999.0, 999999.0, 999999.0, 999999.0, 999999.0, 0.0004491510060785444,
999999.0, 999999.0, 999999.0, 999999.0, 999999.0, 999999.0, 999999.0,
0.0006301763867135856, 999999.0, 0.000550876363948783, 999999.0, 0.0, 999999.0,
0.00024171076830935796, 0.0005548095424694751, 999999.0, 999999.0, 999999.0,
999999.0, 999999.0, 999999.0, 999999.0, 999999.0, 999999.0, 999999.0, 999999.0,
999999.0, 0.0009428827158316445, 999999.0, 999999.0, 999999.0, 999999.0,
0.0003832934425395865, 999999.0, 999999.0, 999999.0, 999999.0, 999999.0,
999999.0, 0.00020965706077754806, 999999.0, 999999.0, 999999.0, 999999.0,
0.0008874989297277941, 999999.0, 999999.0, 999999.0, 999999.0, 999999.0,
999999.0, 999999.0, 999999.0, 999999.0, 999999.0, 999999.0, 999999.0, 999999.0,
999999.0, 999999.0, 0.0009677173674531353, 999999.0, 999999.0, 999999.0,
999999.0, 999999.0, 0.0005737572356995917, 999999.0, 999999.0, 999999.0,
999999.0, 999999.0, 999999.0, 999999.0, 999999.0, 999999.0, 999999.0, 999999.0,
999999.0, 999999.0, 0.0006618810395211687, 999999.0, 999999.0, 999999.0,
999999.0, 999999.0, 999999.0, 0.0006562924696988552, 999999.0, 999999.0,
999999.0, 999999.0, 999999.0, 999999.0, 999999.0, 999999.0, 999999.0, 999999.0,
999999.0, 999999.0, 999999.0, 0.00031355865944442585, 0.0003213983673328307,
0.0007042670667779274, 999999.0, 999999.0, 0.00039771673032114736, 999999.0,
999999.0, 999999.0, 999999.0, 999999.0, 999999.0, 999999.0, 999999.0, 999999.0,
999999.0, 999999.0, 0.000463655624626963, 999999.0, 999999.0, 999999.0,
999999.0, 0.0003691912122476157, 999999.0, 999999.0, 0.00041157749439523525,
999999.0, 999999.0, 999999.0, 999999.0, 0.00042353194514030315,
0.0009253345667902345, 999999.0, 999999.0, 999999.0, 0.0009692165922195234,
999999.0, 999999.0, 999999.0, 999999.0, 999999.0, 999999.0, 999999.0],
      [999999.0, 999999.0, 999999.0, 999999.0, 999999.0, 0.0007673220579691671,
999999.0, 999999.0, 999999.0, 999999.0, 999999.0, 999999.0, 999999.0,
0.0005849525684632768, 999999.0, 0.0002982783396825105, 999999.0, 999999.0,
0.0, 999999.0, 0.0005532247954477044, 999999.0, 999999.0, 999999.0, 999999.0,
999999.0, 999999.0, 999999.0, 999999.0, 999999.0, 999999.0, 999999.0, 999999.0,
0.00025172268446408595, 999999.0, 999999.0, 999999.0, 999999.0,
0.00022495543713707208, 999999.0, 999999.0, 999999.0, 999999.0, 999999.0,
999999.0, 0.0003284319416616331, 999999.0, 999999.0, 0.0003219348035409228,
0.0009439115315836401, 999999.0, 999999.0, 999999.0, 999999.0,
0.0006372578178518289, 999999.0, 999999.0, 999999.0, 999999.0, 999999.0,
999999.0, 999999.0, 999999.0, 999999.0, 999999.0, 999999.0,
0.000900208664037416, 999999.0, 999999.0, 999999.0, 999999.0, 999999.0,
0.00023124437449304383, 999999.0, 999999.0, 999999.0, 999999.0, 999999.0,
999999.0, 999999.0, 999999.0, 999999.0, 999999.0, 999999.0, 999999.0, 999999.0,
0.000512228673905237, 999999.0, 999999.0, 999999.0, 999999.0, 999999.0,
999999.0, 0.000742880550057573, 999999.0, 999999.0, 999999.0, 999999.0,
999999.0, 999999.0, 999999.0, 999999.0, 999999.0, 999999.0, 999999.0, 999999.0,
999999.0, 0.00037490879578463217, 0.0004457986914017865, 0.0008574282563303833,
999999.0, 999999.0, 0.0003866085253294352, 999999.0, 999999.0, 999999.0,
999999.0, 999999.0, 999999.0, 999999.0, 999999.0, 999999.0, 999999.0, 999999.0,
0.00042840957045374125, 999999.0, 999999.0, 999999.0, 999999.0,
0.0005414879681936884, 999999.0, 0.0008723816169567061, 0.00032505138627869515,
999999.0, 999999.0, 999999.0, 999999.0, 0.0006367585073041668, 999999.0,
999999.0, 999999.0, 999999.0, 0.0009112415948865818, 999999.0, 999999.0,
999999.0, 999999.0, 999999.0, 999999.0, 999999.0],
      [0.00037537130895049387, 0.0006103735949609754, 0.00047920288847178353,
